اعدواريرح,ةعقوبنعطل,يذلابطخب,اصراثد,هبحبضفرلاب,تمستبالولعم,يترواصنيح,اكانانغ,ماكترحاط,هدوبهنع,يلاعطق,تابرشلانهف,تاطسوتل,ىرولارادقمل,فاحىرول,حلاينء,قوشلء,خاسنلالابس,قارفلايقامل,زلاملف,قارفلا,نذبنياف,ىجسيل,اصاسرع,تقرشافكطخسب,مقللام,موقلامل,هكرتعم,انوزحممل,نكيهنم,يارظلاب,هيفهيل,هقاورمساورل,يعلاقادحلل,انهومقراطل,نوصغلاكارامثل,اهلخلخملودجم,هتنجواهجابيد,هلباوكيطع,طيلخلاىلع,هرغثهدبرم,اهلقاوطل,يعثم,رشاكدع,حامهيل,ناجرهملابر,املف.لاق,يخاةحدم,ديدوج,همارانوفج,انللطتيلف,اتعباتعل,ضرفةداس,امبامبر,ةدلبنسحء,مهحنماونيدل,يرلاعفد,يقبقلع,اذانعطلاف,احربتم,ساكلاوحور,ىرتنيجلل,يدياتللح,اجرلاملع,امعنلاهبارء,ميمصلاىلع,ىدنلابراحسل,ىريناتقرل,اهمطق,رذنمنيعل,طخكيلء,ددجتمميخل,اوحبطاص,هنماهبك,ءاداذء,هحابصلملظل,ةمقاع,متقوس,هلحمشام,اقناعتقانع,ىنملاكعوبر,ينناونينض,ابرقترزج,رحبلاكناب,اهبابراتلاص,تنكنوبخمب,يفامنيح,ميامحقاوطل,هاطماكارح,اهرجحكتلع,طوسميسنل,عيناصحيلمل,اكونتسمهتيشم,ةربخبرباخ,قانعلاامكيصخش,اتكنيميتمل,ةرظنبىلع,هبوكراداتقء,ةدعهدنرفل,خليلقل,هتلاصىدعل,دقويننء,رياثلىجهيف,ذعماعيج,ىحيسيلف,ردصهتبيغ,يفىلاوم,هتبلطابهانمل,هبديدح,نوناكيناتء,تدرودر,عاياص,ضوعبواص,ةيمظانلاب,نيبيانيلع,ااصالوق,ركسينادفف,تيوشاام,هبويجادامغل,يعيدوتلاهتلخف,ىنسايدنع,اهيحتاقلخء,يناوعلالذ,سرافيد,سمشلاانبيغف,اييفتم,ماملامكقوس,اذاضيب,معبقانم,ابصلانمظ,يلامفرافحل,يطعتمكملقء,ةيجساهميدق,رصبتنمف,مصتعمدلوء,جاجعلامس,اصاومراكذتل,ولملادنج,هتاحاريف,نهراثع,اميتملاامرص,هيافاصباحطاص,اتكيرهوجلل,نيصلاامل,ميركلااد,ايلاسروغل,امظلاللبب,رهشليبسل,ىقتيفركشيف,هتزاحم,امبرفبايغل,يهجويراذح,نيتيمداقر,يفقوف,اميفىوقيف,ذعلاسيل,ينحرفف,يميىلباف,نكيميامحل,عوجركلج,زعلافقارطل,ةياغلالء,ىجدمس,تغثلف,ىونلاسناولاب,مهلكهنغ,امهتنااص,تعطقتبااصول,اق.رانيد,ىذاضغبلاب,.هراصاعم,تلاقفامىمس,ىمساكايء,اهسوساىنغل,اوضمادرفنم,ايحلاوقفر,هللظماطفلاب,تناكلدنملاف,يااصقيب,رهزاييحم,يبنذهب,مهقارفمهيلع,ذخافدااصء,سانلاىوس,تاعملطام,ارقتفميانل,هلاموصلخ,وقلاولف,يغتبملاكل,يطلاةقدل,قزردازل,نمماستب,ىخرتردب,زجاعهزواج,عيهيخاب,هنيلويف,امبكاذ,اعرسمر,يقمهداسجاف,يفرطلقبتس,ىضرتتيق,حباصنء,امتعرتف,رهدلادق,اذافةيفاع,قفاىلع,ناصغاربج,جرارحس,جنتثيح,يداوفلقاوفل,ةياهنتزجح,ضعنافجء,ينمثلاهيدس,دجملامتسلف,نضوس,يفمهفيل,اديرفنيتلود,هعتارمنم,ىلوترباص,ذرانب,نموهلوسر,اهماهباينتار,ىخارتونء,روماهنم,سلايلاعملل,مشذهسيل,نيرجساط,نارحبض,ينترحسويقفرتف,اهتلطتس,ىتفونب,يتذبانم,نمرصخ,غارفلانء,امابصخف,اربخمءارفصل,هبنيناسل,.اهعذل,نوملاعلاكيرضل,ةلهاويض,امةلقم,هتمرحىلع,قربلايل,اذااهقير,هرامخمامغل,هاتلقمقفل,ذاةباثمب,ينيدناف,ةطبغودساح,اشحلارمجل,تحضاةبولسم,اسلجميريامض,ةنزممسرء,موجنلاعاص,هنمبيرش,رهدلادرفب,يحرللزيهجتب,هللابلط,ادغبيج,ةليلبرهز,يصيمقراب,ارتغماروطف,ادعتادبء,دجامسعادمل,يبرقمدعبل,هلثمدحاوب,اهيحاشوب,ازعيلاعمل,سنااهبلق,يلنيدل,هءامهماهمل,ىدرلاهلجاع,انعمجيهاقلء,ةعماطقرل,انظاحلاانل,لاويرامطء,هكاوسمب,قرزلاركب,ململاكر,هنمتنء,هناهتعطق,رهدلاةم,هجاجلونم,مهيفرواجم,دنهلاارمح,اهحامسام,ىلعتفشكف,ارهدنيب,خلاينع,دكترطاوخل,هرداصروشنل,قوشلاوهجعاول,ضفراورل,نمتدعاب,ىقبتر,نمدوب,تافصلالوقلاف,.هتاريرقتب,اهركذنامزل,ةعمشدير,ىوهايد,ةايحللىلع,ءلمبذخف,ينابلونم,رحسرف,هفيعم,يتدومركاوبل,قلايلايلل,دقهينب,تعلطاعلاضل,يبياكرلويسل,رجفلامجحء,يلاصوباص,متاكاهب,.نومعنمل,امهكاهتنابنجل,رعمبضع,جاساب,مهرخفىلع,ةليزجلاتعرش,كبيبد,ينمهنكل,ملاقارحء,ىتحباغرل,قزرلارهدل,احةسايس,مهناىتح,هلهلروبقل,داكىءار,تلاغدعاص,هتكفسل,مكحامرسرف,اذختمنونثع,ىوطينساحم,اهيشونلوح,ايحدابعل,ينتلوانتلتق,يوريهناب,ةردغكقارف,يفتوصب,يلعنااص,يبلاثمل,هسابورطم,قفتاوةوبصل,يتبصعلء,جنلارادل,ةململدوسل,رهدلاحفصلاب,ملاناف,يراهنزل,هردبكرامقل,مرغمومم,هميسننء,ءاجرلابسف,مهضعبركابم,يلوقدقل,زجاعنع,مهلضفالوسر,اهديعمراظنء,ابهانمل,مايلاصخشب,هتاحاسبروهظ,اننافمامغل,ريغةلقب,يلموج,اعقومرب,نولدسل,ينمتيندء,رذقتساف,عماجنم,تمسناتمحر,تارجب,رلاىر,هنيعابلق,موللارش,عورصمرسيل,تملعدماح,ىتاهيلع,وتحلاكضيب,اهنانبكيرتف,ريمضلاهنار,قيقدلوق,مكيفنم,ةيعريرتج,يفبرقل,وطخلاعراق,اهمدعي.اهلزتخ,صريللب,ىقتلاوردقمل,عادوللنويع,هفيسوعورل,بلاصق,اهببنتجم,سواليتق,حبصلاىل,هوليحل,رقلالاجل,اهسلايقس,نمتحضاف,ارراطق,يلهراف,تامركملاكولء,ىساتد,طشنياف,هيلماتمل,امهتفصنء,روملا.اهباقعء,هللالص,جلجلفيشكتب,نحنوهاوج,دياوهدماحم,اهبقافل,وققزرل,امهنعمحفم,هملظرونمل,هلمهرفوء,ماظنلاكيبتس,دوعسلالاب,هريجهلياصء,ماريلح,عشاخاعشاخ,نافزر,ىلجسمذاهل,متنافطبنلل,ادلااذء,اوخااصء,ميقتسيىلع,يمحتلااذء,ةنزمدملجل,هتىقس,مهيلعليلل,رتيرا,اوملعتهدنع,اليخبل,ملعكنء,هلفاهحرش,لىوس,ثاغتسملابرطض,سيعلابورش,ملعكدعء,تكابتكسممف,هتءاساراراصل,ىنجتذاع,تنكاةراضغب,يناملااهب,ديسطونم,هسييرلل,يبحبهيف,يبعيارشل,نميديء,ىرسلاىلطل,هبابشامل,نامزلانامل,ةمعناهذخء,ةبتعمسانل,نيتيمح,تدزتسل,حستسء,اهعفاوش,هدنرفنهيلع,هماثلهيحباص,تاقتكابظ,تابيانلااذء,اونابفءافعل,انبولقكاذ,يدعسبينع,ينناايحملل,ينعىلع,زيابيشء,هيبكنمهبلق,هيلععزفم,دمثابهدقع,يشابذاشل,دابرذء,ايحلاوب,مححور,رجههيتب,نعطلاوط,يلعبردغل,هتهبنكاسنل,همدقهتباحاص,وخاهيف,تاهبوبنتسدل,ءيشلادعء,دقفناب,ناكرظناف,ازيرونل,نيفاعلاتبكيف,ملكلاحتفل,ترداغويلابب,ةبترنيح,اقوشاشح,انبولقعواطم,قروتدغل,هانغانع,يتوقامل,رضنمكاحلاب,جلارارحل,روغملارد,سيرادا.هايء,هلهاكارء,يغبيسبلب,نيلزاب,دقوكشء,قلخمامهسم,ههجوهسافنء,انقلامامحل,عيريبدل,تقداصلول,قطنلاام,يلخلاامراص,تام.ايرابخء,ابياعنودساحل,وطىنفنس,انكرتتفادسء,ديثيغل,اهتارثاممراوصل,يبزعتهتء,مهتيلوابر,رلاللمل,ميريتلحر,ىردءاطخ,رهدلادوج,ينفنعموقل,دنعرصقء,يراثكتس,اهضراوعيدنهل,ريجتسملامير,دوعيهملاعم,اكحاضرامعل,مثيهنينسل,قبعلاقش,مايلاادمع,يضمتةمس,قولاكيلع,دمحماعلاط,تافلنايح,سبلسبلف,انميلامل,يدياذ,امللامكل,مقيتاثداحلل,اهقيرفتىلع,هبمملاب,هتايرخايف,هملقاعطق,واطعف,جسوام,عمسلاباهرظا,ىدناوقلاف,ةيحتءامدل,هوسولحل,غاشادب,ىنملابابحل,ةربعنردتب,درمامف,نكلمكفطلب,ءافولاام,جياذء,انعلاطمل,هنعبنشل,ررشتحدق,اوعلقامث,ينبرهظيس,.انرهش,ضراامف,ىغوهيتموح,نيدلاك,ايقسلافكف,ةفندمنم,ناتينلجع,خملقول,مهناكلاحرل,ناينوكف,ياماذء,هبحتمظاعل,قاولعمدل,ثمتقادحل,ذانفجل,عللمداوقل,املعضورعل,ءادعلانم,يتلحملثم,نكامعط,دامغلابلق,جرفبل,ركركب,تدعابتورطخ,مركلاوىلع,مركتهارتف,ةهادبىدحء,ةرحنيديل,هتابظبدقحل,اهقرابارورسم,ينوعدواومحر,ناففوسف,ءامثيغ,اقحتلافسلبان,مهبضيحل,ينديعجرن,دلبللكيرش,ةينمانم,هلومحانقل,دجنبثيح,ةرفزحناوجل,هيفموح,دارطلاتبااصء,نيعىرخل,يذلاكلذب,لعثاقحسف,هلكلكسامرء,علاتنء,هرحنسيعل,دلالاوز,يعمداباهجزم,تجهبتسال,تفخنم,اهداجانب,ديىوهل,هلوطمر,ةاورلاانش,.خياشملاب,راقولاثويل,ماصاعملاق,مايلالاقل,امناوذنم,اينثنم,هلاختراقعل,هلكيذلاب,ىنغلانانعل,ىجدلافرط,هعبتيهلل,مجنلاىلع,زافدقل,هيمسلتقلخء,اناانافكل,اهبياوذلودسم,نمحرلاوف,يدنعيف,ضافيدخ,يبلقلاودل,تنعظنم,تاركحرب,متيقبورهز,يكتجل,نبااقفرف,يلاعتملايلام,ادجاداص,نيجلدمكوعد,سمذء,امبرومستبمل,بقتقرش,هحوربثيداحل,نعبناج,ىتحىرس,تبحرتيءار,ادرجتمهدمع,افرطاقفخ,هماقتناضيبل,حاهتكلمف,تناوناييح,تزواجنء,نصغلاامب,اهلماناىلع,ةانصل,ريغكرس,ابءامدل,هبقشاعل,ترحاصء,تنجابنذ,لملاراصف,مهوقيرل,ةرفزةربع,يضقنينارج,رهتشمقيدصتل,اهسلحل,ملحدمء,همسجببوحش,ضرعطخس,ملفورعم,تنقيتراحب,ةدهاشمجنل,امنافياعضل,ءامهظافلاف,نيبغارللاشاح,ينناخيلوقم,ابرطمريتقل,ىلتبيوةبء,ىرحلاقارف,ىلعمركمل,مويامع,يواجتسل,ارذمجنلل,نمنكرب,ترثكرشعم,نيعنبف,مسبترافسء,مييللااهضع,تديشصجلاب,ضورعلاضورع,ادحقافنل,ررقاولاعفل,ةعاجشوادلاقمل,ةهيركلاكانهف,اوفعملف,امبروميامنل,هتايرخاسمشل,نساحملبسكب,اهيفليقم,يداعلاموصخ,مدعرادل,فقيفهيفس,يعانطاص,ةيااروط,ىوهلاامه,دعبو.ليقل,دبيملف,اهبلبحل,امفاقرل,لاعفكلام,ايلاخموسرل,موقلانء,ضراعهاوثم,اياطعلالاوسل,قورافلاهار,اهنسحلسوفنل,نيعللامظعء,هنااهنورق,يبيصعتس,عيضيحارل,هلااصوبل,سرافيدهمل,ءرملاةميزع,يبايثيس,هليانبعمس,ةياهنتلف,هلينيهلء,صقلااهركابم,ةبطخبقحلل,تملعمل,ابنذمكلذ,تبرتىوهل,نسولابوثل,.يبدوم,ةربخبكء,ةريحيل,ىنغمنم,هعوقوروهطف,اومركامكيدل,امناكركسع,ذامهكيلامم,مهلراثء,امهموسر,ةيضامح,هلذابامل,قنراعزج,ضفلاينقعف,اتولول,نمفذق,ناكنيرظانلل,ةييانقاوشلاب,اغيف,ةيانجراصاوء,عبطتليان,امبينم,ىضمدوجلاب,يمدينوكر,انابضقنلزاغ,هضرانانعل,ةحراجينغ,نونءامب,ىتحروعول,اعفايدجمل,ةرسحكاس,ةيوررم,ةدحوورارفاص,هناكمةرارشل,هانلاص,ىنملاانمز,هيماسب,اهعمتومل,انروحنوعمدل,رمحلايرت,ةلحربرعاصء,يلملنم,ميمتيفخل,يبحهيلء,ىوهلاىضقء,يدقتعموينتلاغ,اهيطمسب,ةزعىبعق,ةلاقمقزرلء,يداقمبسانل,ثدحاهنع,ىلبلاوشاع,تلاقفهيفلوء,ةكرابمبهذل,ىلعصخل,ابرذتم,هباضخركفتمل,ميقتسمضورعل,ةرونمىلع,انيارباب,نملتفخ,يلامجقارعل,يرابلامود,يناملاريسكل,اهبقافشء,ينلاصا,نامرلاهنمض,ناذلاكوب,ناوشنتتاب,داقينبقعاف,كهروص,ارتسكصق,قارفلااهتقرفل,تاغلىلع,همرااصباوثء,صللهيرذف,هفايساناسلل,ةيدتقملاب,نعىضماف,انياصاونل,يعامسادقف,.هعينش,اهدياراصع,مصتعاورداغ,عففهتباتكب,امدقعطقل,علامدانم,تيشاتتوق,هعداخنع,يتينيظح,حامسلاهنم,هنانبامعنء,املقارعلاب,هانغمتحلف,هوانثيعمس,اوبفيكف,هتيعذول,امجلايضق,هتبواب,صنلوح,اهصمقتةجح,ابللاماس,ةبقحيقب,ارصقاوهراسخ,عادصبهتيد,يتمهماقمل,ترداصتلخ,يفةرفاسب,.ةهاهف,اهماياكل,علطمثيحب,ميتمرماس,هنافامقرء,ارصقهج,الااصول,قلابلافل,حايقلتل,يبلاوماهل,جعلاه,هللابريخ,ىوثىضوفل,شاوفعض,نزحاهتررقء,اوقسفلسل,يرظانيل,نبااهسراف,ةريرغكداوف,لملارهدلل,املاسليلق,ناامقس,تعفتراوتوحل,يشلال,ينتبذكفقداصء,هتابشليقل,مهسبهبح,ةعيلطررجم,دونبلاومكمهسء,امناكراع,يجنلاكيف,هياولرارسل,.هعومسم,تابيانام,طسبلهف,ارماومرطق,ىوهلاود,مهلامجةودغ,هبيطوداع,لاصاف,يرقفينيع,هقناعيظحل,ءابهشلاسسخء,هبناوجاذء,ةكلممةموثرج,فتامركملل,يلامتش,اهناكمفرشء,نايرليع,ادراومدرول,رتافرج,جبوحشلاب,نوقارولاف,ريطللركاسع,دحيهجوب,ماقديز,.يطذخايام,هايااذء,اصاومدعس,تابرقمموهس,امناواداهس,زرحول,دعااصسييرل,جربزلاب,ةفقشب,ةربعملع,ىلانتعاف,ذااريخ,.تفدار,ادجملل,ىدعلان,تصفاغلكشوب,تدكوف,سوجملامهيلء,حابصلالوق,رجفلاءادب,كتحم,ىوقلانانب,همكحللخد,ابصلاكيف,يضماوينيوج,ىوطعلل,هدجمااقاثيم,يتلانويعلل,اورصبتدقع,.يندشناف,ىريهار,ترتسينء,اقف.نينمومل,اوراسويقايتش,ىلبلاراذع,ىركلاىلع,ىمغاد,قفاوىدل,امناكنوفط,اميكقارفل,انناحابصل,ةديصقادياصقل,ىضراسرع,اهرسعةشيعملاب,يتفعاسمدنهل,لملاقرط,امقشاع,نامظلاكءوضل,خركلاىمر,اعوداص,مهتينغهملقل,اهلعزجل,قاوارصق,قيرلاتبف,اهظفلادقع,علاىحضل,دعبامف,سفنلالزنء,ىرارغيف,نادادزيف,تبهذيبلق,ناككفويس,ههجونيعل,سيعلايدياب,هلوبك,مكبرقومكبادء,هديجلطاع,بصنمبء,اهلبقيلايلل,ءافولار,رزنتساتنمء,ارهاقاهيام,ناتينلجعل,هلاعطق,شيعتسل,امناكعماسمل,تفلاامجنء,/2ضيرم,اهناب1,/هتاكربو30/رفص/1432,دحلااوربتعاف,اوظفختل,اثامانل,قوراقل,ابلمج,ىل1,مهلوقاديز,ابريسف,نا171ءاسنل,ىل2,ىتموشع,ذنيتمل,اهكيادتب,نحنونب,امصعيل,17رشحل,ةدوكرم,نيهماع,ذديجمل,مهلوقامياق,انيموانتم,هبتريسانارقناول,يسكوورمع,اباذكانتاياباوبذكو28زع,توجهوج,ننجسيلهرمء,تدابدكاور,نومرجمل4,21.مل,مكيل2من,2.ءا,اريبتتانرب,ا10نونظل,ديزاامياق,انيبماحتفكلانحتفانا1,اسيقف,5اوننلوق,17.ملل,24.امء,رهاظلدبع,4نننح,اذعيفنيمرجمل,ملقلا43/,صن.,3.وا,ايواملغ,نوكتةراج,27.بصنل,ماقوورمع,طقاستابطر,واهتجهب,يفمكتابيطمتبهذء,اميلااباذعهبذعيلوتينم,اوكرحفتخء,هللاهوبء,نمةمحرامبف159,مواه19,انيتالدرخنمةبحلاقثمناكنء,12.بصنل,ينناكوديز,سمشلافموج,نماهكار,23.ص,تيطعاو.ادمحم,مهلوقمسع,نيقتملا30لحنل,2هننلل,نلوىتح,هناكاجراخ,اريخ110نارمع,23.بصنل,ل2بر,مويمهلءاسولمح,52.لحنل,ملسرطم,نيرخادهوتالكو87,تسقمث,يلقااباتعل,دقلكبلعب,ولكترزل,40.بصنل,نودعتيمكل,هيباتكاوورق,يبسناعبتتلواميقتساف,نممتيلوتامكاولوتتنء,76ميرم,9.واول,مكنامياعيضيلهلل,مهروذناوفويلومهثفتاوضقيلمثىلاع,وقمهيلاعجريلانوريلفء,15.ءاتل,ىرسكوهاشنهش,ناواتباث,نيلياننسلل,اذامهن,نامزاةعامجل,7.وا,قةصلاخ,انسلفلابجل,38.بصنل,موتابدودحم,20.امء,نيملاعلا37سن,8.وا,وهجملوهجم,نيذلا89,نعانلضيلداكنا42,11.بصنل,ترواستاتنء,صصقلا76,اممتملعدقلهللاتاولاق,هلانبجتساف,4ةمايقلاع,ننل1ياننيء,نودعقتء,3.بصنل,اونوكوينب,ثمثيح,يلاليدسل,51.بصنل,ابيش/,ناميلليداني193,2هماننقاف,ويغلا116ةديامل,ةبصعلاب/,نمهانيجنو88,تيبندبع,كونادقرفل,نوظر,ريط2,46.بصنل,ربكل5,تلاقلجر,مهلوقربص,20.مل,امالاتقل,قةبوثم,تلطاطاطق,بقمكهوجواولوت177,ايفبيل,رفغاوعانطص,نوديزيوافلاةيمىلا147,خيشولاخ,5.فل,نارحاسل1,تنكووعاق,نيلنسرمل,ميركرجاهلوهل11,ديزللام,يهملسهركذ,اذهلانادهيذلا43,نافطم,نميرجتتانجكلذنماريخكللعجءاشنايذل,اميلااباذعمكبذعيلبق16,ىتفرفص,تءاسواريصم/,اهيلعرثدمل,فضيب,اميلااباذعمهلدعانيملاظلاوهتمحريفءاشينملخدي31,ءايو,17.عفرل,16.امء,ثمابرض,77ةرونسوتع,78ميرم,قةلم,11.مل,زيشرب,ةوسقدشاواةراجحلاكيهفكلذدعبنممكبولق74,عدفاثيدح,45.بصنل,املاهلقء,حنتلابجل,مرذهمل,راهن35فاقحل,زوملج,194ةروننسل,ايلحجرخافوسلتماماذياناسنل,ىتحدقتم,11.ءاهل,تعنلاجراخ,نم253ةرقبل,نمفرايق,13سمشل,1.ءاتف,ةحاسبء,46رمزل,22.مل,انكدادب,ارانابطاح,ملعقحلابفذقييبرنالق48,نولجعتست72,هزاجم.,ايفتناء,اهنعاربص,ا6مننهعم,تانج.هلثم,23.مل,بذوخام,اذاكاحضل,اميقتسماطارصكيدهيوكيلعهتمعنمتيورخاتاموكبنذ2,ىلعمرحموانروكذلةصلاخماعنل,يبس25,126.ماعنل,مهلوقنيكسمل,4.ءا,سيبل13,ىسيع116,10ابسل,يكوبمكيلعاناامو108,مهراصبا/,مهلوقحلاصل,هبمتيجام,تررموديدح,اوبيجتننسيلف,ماطقب,مهلوقركيف,15.عفرل,جعتستغلب,4دننبع,سما.كرابم,48.بصنل,وقتااديز,1.عفرلاف,انتاقيمللجر,تررمخيش,يفمهرذمث,فاسيابل,ناكامو143همس,اذهزجنا26,فةماق,مهرذ91ماعنل,رصبلابحملكةدحاولاانرماامو50,ايةرسح,اعفنلوارضمهلكلميلو89,4جراعملاء,49رثدمل,ملفهتيار,ىلع.امء,مهلساقح,58تايراذل,داجبلمزم,23.حتفل,مويباذعلا69,اذاذحم,تطوس,جراعملا44,تننفتل3هنننء,2.وا,47.بصنل,50.امء,ضفخبرخ,يرفغتساواذهنعضرعافس,يبس11فصل,نعنودصيواورفكنيذل,تاف52.نونمومل,34.بصنل,انننعجراف,12.مل,نيقننساف,149ءارعشل,نودوارمع,راتولاجولحم,انبتك5حورننجل,يغل3,//ةديامل,10.بصنل,مهلوديزل,هولعف137ماعنل,عفيام147,نممدقتامهلل,اهبانيتالدرخنمةبحلاقثمناكناو47,قهولل,اهتركنارادل,10.ءاتل,هصنتف,تسلفكل,8.ضفخل,ةرسع280,متسلانوطب,يلاودصاق,هاملعيلء,يزجيل31,يواعماديدحل,21.نم,ءلوهمتنااهاه66,راساديور,هتهجدحاول,14.بصنل,تلقفتوم,19.ملل,ىقلاهلع,2نيذننل,اموبجناب,صنلاسار,مهحمساواف,ءاسنلا6/,31.بصنل,دمحملولقع,موقيو,اق77.فهكل,ق91.ةرقبل,ىفكفلضف,تاميدتسم,اننهتاوقء,4.واول,36.بصنل,ندلقيرطل,نيلكللغبصونهدلابتبنتءانيسروطنمجرختةرجشو20,20050604,تناقوهنما9,ىوقتللةبقاعلاوكقزرننحن132,1.ءاهف,نمنكاوقدصافبيرقلجاىلاينترخالولبر10,25.مل,4.مزجل,تيللجر,امارادل,1.رجلاف,تناو155فارعل,نيدكلذو5,ىدهاقيرف,ميحربرنم58,نمتنككناكبنذل29,نحنينب,اوهتنااريخ,تقلطناوايشام,42.بصنل,يلوقواباصء,تمدعب,وقتاسانل,تاكشمل,18روطل,وسفاوعتمتيلومهانيتء,امتيلايف,هذتدم,اموارمع,تلاقوريزع,29.ملل,ونايمدل,12.امء,وقتوامياق,ناتامركمل,قحلااذياع,ضرايف64,مهيلع52ماعنل,اهبيصم81د,تلعفاريخ,موقلاديز,ىنسحلاباونسحانيذل,5.مزجل,يفدسفنلانيج73,اولاقايبص,37.بصنل,نافاهن,هاوفللدنج,املعفيل,12.عفرل,ا1يذننل,اقيومر,ذموثلث,ىلعنوردقيلاباتكل,ىقشتلنارقل,2ارشب,25ميرم,دشاندجتلندجتل82,ديزنسو58ةرقبل,ىتل4,انودبعتل,ىشخينمل,انوحلاصفماع,15جوربل,ذوحتساهلل,ناكءانزل,تيارازوجع,15.بصنل,ضرقيهفعاضيف,نودرظ,نتحممخض,6.عفرل,6.بصنل,فافعتسلاف,ىلعاجراخ,هلانبرضل,معنلفحوناناداندقلو75,3مكاننياطخ,ثلثتلتق,9.ءاهل,نوهمعيمهنايغطيفمهرذن,برةمحرركذهدبع,مكافرقم,12.واول,دوزتهانذ,ةلاحبةدح,نينقيتسمب32ةيثاجل,2.ضفخل,مسجلابويب,8.ءا,يزجيواولمعامباوواسانيذل,اركب.,انسحادعومكبرمكدعيملاموقايلاقعجرف86,نامياببذ,مهانعتمو98سن,نوملعي66,9.مزجل,213ءارعشل,درعمب,2.بصنل,30رثدمل,يا.ةريشعل,هديب237ةرونس,يلعردق,نوراهوىسومانيتا48,امناءايلوء,امرشب,52.لمنل,مننهتكلهء,2تاوامننسل,ىلع.نسحء,رنخز,ينضرتل,احلاو.ةر,31.مورلاء,تدغفاهفلخ,177فارعلاوبذ,ناط1,جحل3رننيخ,نوكرشيامعهناحبسوهلاهلال,كيل5,ريثكنعفعيواوبسكامبنهقبويوء,يتل3,20.بصنل,تنااجرخنف,11.ءاتل,انولضافانءاربكوانتداسانعطااناانبراولاق,تاطشانلاو…,نمنعمستلو186,نولمعت105ةديامل,نالجراخ,72.دوه,يقةعاسل,دجت88ءاسنل,احصاودومثواداع,ةريصبهسفنىلعناسنل,9.ءاتل,54رجحلاع,7.مزجل,29ميرم,مويلاادغ,مجلالمجل,امشبر,/.رفاغ,.اروفكوء,مهلوقسار,10ةروننس,اق.ارق,تنااريس,يفامولظم,67ليبسل,وارمقل,مكتهاب,ينيلكةميمء,4ناننكل,تيارهاخء,تفذحقطم,1اهتيدع,مهوعداننف,1تانننيبل,تملكتوامياق,11.امء,ةيملاشحوم,مهنهيل,انجاوزا139,ىفكواريص,ييارساهلل,اديزناجرخ,زمجر,4.بصنل,نيذل3راد,رفغتساابنذ,هتارماوةلامح,نمبرقاهرضنملوعد,ءايضوناقرفل,يلعانلزناامهركذ,هوتاومسل,و3ابس,ىل1ىننسوم,17.فلل,يفكابء,تيمدلبل57,ىراتابنء,8.بصنل,ىتحعلطم,26.بصنل,35.بصنل,6.ضفخل,رلملسنلانرماو71,هننل2,رطفادلاخ,11.واول,جراخفيرظل,تررمونلجرلاب,اموبرش,7.ءاتل,هذخانوبجء,امفنيتيف,هبتعطقوالابجل,ايرفغ,ايانرق,9.عفرل,نينسلاىركذىنء,10.مزجل,روناووفطيل8,تلاقمامحل,يواتواثعش,تررمزوجع,اروصقكل10,24.بصنل,تيارودح,نلهثبيزخل,6.فلء,18.ملل,ترصباامياق,اعيمجهيلامهرشحيسف172,جرخديز,هل1نونن,47رجحل,10.ءاهل,1.مزجلاف,يفوديز,43.بصنل,ثيثحتل,رريسلايسل,هيتيرز,نورسخيمهونزووامهولاكاذاو3,ىتمدج,فاوعد,هتفرشتساف,هتدابعنعفكنتسينم,وقتابكار,نودلاخمنهج74,انملاجرل,متنماومتركشنامكباذعبهلل,ديبعجراخ,مكركذاينوركذاف152,82فارعلاولاق,17.بصنل,كبنيبيطل,نيبساحانبىفكواهب47,26.مل,22.بصنل,ةدوملابمهيلانورستيتاضرمءاغتباويليبسيفاداهجمتجرخ1,9.بصنل,يتلااهقوس,19.امء,ةرقلا135,ىفطصا153,اوماوةنيزهلمونوعرفتيتء,اوذخااوفقثامنيء,امب120نارمع,60فهكل,12.ء,نمهومتلزنامتناا69,يبواريطل,مهراد31دعرل,امااهنل,154ماعنل,4كباننسح,44.بصنل,10.عفرل,متسلةداسل,11.عفرل,دلتقم,قنحل3انمء,يهنحل,ارادناريجل,29.ميرم,هوملسااق,82.فس,سانلل83ةرقبل,تيلابح,1نننم,رمغلانوميمل,280ةرقبلاء,فنوكتف,ىتحوسار,10.واول,5.عفرل,فايتر,فسيواهيفدسفينماهيفلعجتاذاو30,دقامدقل,ردقبءامءامسلا18,ترضحافارذاع,مهيفتناومهبذعيل33,ايريطل,ةرماميم,يبر22ةروننس,انيواقء,نعكنولاسي217,16.ةرقبل,7.بصنل,يش29,مهتحجاحج,30.بصنل,ا3نننلف,مننكيبنيف,ةنيلنممتعطقام5,امفاداوجل,ريخ/,هفاوعفشيف,7.عفرل,تردغمص,7.ضفخل,نكلوبرغملاوقرشمل,ينبقاثيمانذخاذء,ىتمصلقل,بر112ماعنل,30فارعل,3ءارسل,سيلزع,ةرملواهباونمويملامكمهراصباومهتديفء,توغاطلا60ةديامل,ايفادقوم,اوننسبليل,ناكفراج,9.ضفخل,40ةروننس,33.بصنل,اساوةيرقل,متنكنامكبرهللاباونموتنامكاياولوسرل,اهورذفلكء,يتقتاولتقو61,110نوهمعيمهنايغطيف,رويمحل,تسيلدوسل,96لحنل,16.بصنل,ىلادج,هواقدصم,يتلاريعل,8.مزجل,16.عفرل,عاضياماثاقليكلذلعفينمو68,6.مزجل,ةفغشب,29.بصنل,وقتينب,ايدانمانعمسانناانبر,1ايندننل,يحتسيةضوعب,نيبيداكيلونيهم52,نوبسكتامملعيومكرهجومكرسملعيضرل,39.بصنل,نووهاننض,8.عفرل,نيذل5عننض,.عفرلاو21,اتمحدز,5.ءا,هرثكاوابابش,سويننجسيل,مكسفناومكلاومايف186,6.ءا,14.عفرل,اذاو86,نافنود,19.بصنل,79/166,ءاسلثم,نيرحبل1,ديزبدح,مكل3ةبوتل,ايايراس,نيكرشمل2اننم,وينيع,32.بصنل,هبسحوادمحم,41.بصنل,تلقادبع,هدلجاولاجر,هللدنج,ناوعفلاعاجشل,10.مل,نافاربص,27.مل,مهلوقينديفتل,هلطبيس81,ذموناتنس,تلقفنيم,11.مزجل,5.بصنل,سفن.هلثم,23.امء,1.فلاف,اقزركلاسنلاهيلعربطصاوةلصلابكلهء,هتيتاسمء,رفغانف,تارورجمف,92مننكبر,/ءاسنلا28,1.بصنلاف,اريثككلذنيبانورقوسرل,نوكيفنكهللوقينااييشدارااذاهرماامنا82,اوبرشاولجعل,تيارنلجرل,3نننم,احصانا55,تايجوعارمضل,ادحاواهلااودبعيللا31,جلاةء,بلابرض,91نوبعليمهضوخ,3.ضفخل,يننملك,يفنيدلاخ,ىشخاسرقنل,36جراعمل,ارشباذهام31,63ةروننس,مهلوقاهج,هل7نننم,2ءاننش,نافايد,21.امء,هفصنوء,امليذم,تحتوةلظتسم,ىفكوابيسح/,نوفلتخيهيفاميفمهنيبيضقلكبرنمتقبسةملكلولو19,سيبلجر,ىفكواديهش,ةفشاكب,صاصق45ةديامل,16.ملل,28.بصنل,هعفن13,.لاققيرطل,ثيثحتلاب,يغل1,ةرملواهباونمويملامكمهراصباومهتديفابلقنومهرذن,175نارمعيشل,5.واول,10يننفع,مدبهصيمقىلعاوواجوبذ,ةيخنس,هيل1,25.بصنل,غلبلبء,53د,املعفيملنيل,7.ءا,اذافيطغ,ةيصانلاباعفسنلهتنيملنيللك15,24.مل,نورننتف,هللا29ءاسنل,هبملك31,ةيخنسل,اهيارقش,امفءام,انلادفرم,نولداجينيذل,14.ءاتل,لذكونيطايش,دمحمثراحل,ينوقسةادع,انكسسمشل,ينبرضوديز,3.ادتبمل,اموافق,5نيذننل,مهلامعا4.دمحم,معنولجر,تيلوكابء,اقيفتبر,مهلوقرجافل,تيارواقلطنم,4.ضفخل,نيدلاابص,هيل6,ذموةعاسل,ديوروارمع,ماحذ,مكسفناومكلاومايفنولبتل,ادجسناقذللنورخ,12.ةدجسل,اهودروااهنمنسحاباويحفءاسنل,تبرضاديز,18.بصنل,يلجناوج,2.4نويلب,اهتاريجفتب,ةيراجتلا,تنوساج,وابايج,ناوياتل,امهتاعاز,13.6نويلب,ناريغتمل,ناريطلا,24وح,سانللىتح,اوملعانء,يغضامل,مضناال,لكلد,امودح,ناكماننء,ةكسامسم,مكنادع,اننكلنهعنم,يفنودسفيولصويناهبهلل,اهانطقتلاف,مكضرعلانقلطء,نيدهاجملانيا,خمكقف,يفةنتفنكتهولعفتلاضعبءايلوء,ةيملاعلاايلع,نولقاعنء,مكماسلدافحء,تقةراشء,ملوثدح,مكبقرفتفلبسل,عيفشوء,انمامهفوخ55,هللاوفانء,يهةقلاحل,امنوعطقيوهقاثيمدعبنمهلل,ةصاخوعب,يلاكثل,تقرفتوءىفا,اذهزمرج,هتااجافم,مهفلاخيتء,ادصق–,ءامدبباحصء,يلواضرل,عمسناخير,نييييشب,ةقيقحفلاةدابع,اوملعاينحلصء,ههجونوديرييشعل,ميلعتلاوىتح,رادتلاوكردء,مكبسكمكناوخء,نمنودترمل,مكضرعلء,مهبرةادغل,هلاموهمد,اوكرادتمهناوخء,ذاختاجارخل,يلوااورصن,قارعلاض,دلبىتح,اهداورف,عجيواييشاوهر,ةفاكمكنولتاقيام,مكتاداهشب,تسلاعيشاوناكومهنيداوقرف,اوسنتنء,اورقوىوقء,يذلالانيرج,نوتيادملس,نودبعيللاسنل,ةطسابب,ةيسنملام,هتنامكتاهمء,اناوىولسل,مكمويمكدلب,عشلاس,انيعدعتمهنع,يبسيفاودهاجواورج,تناكدادعل,لكوى,ىوقانء,دقفداعء,نولتاقيرمء,نيدهاجمللءاحنء,دقوىتح,نمهترخء,نيدفارلااوحضء,يشيفمهنم,خدزيح,ضرلواوتاوامسل,نوملعوتلامهلل,دجسوملء,نوملظويمهسف,نوملعويلسانل,اجدوق,هللدمحلء,نومرجوملء,نوملعويموق,نونموويموق,ىلعنورتفء,ابلولء,نيرظتنوملء,يفاودسفء,ىلعىوتسء,يزوخلء,نولقعويموق,رجواعيضيلهلل,ميظعرجواهدنوعهلل,يفواينودل,دنوعباودل,اجدوقسانل,دجسومل,نولكوتملء,اعليمجضرلء,هللاتاولاق,عضوتسء,نونموويلسانل,ىلعاينودل,نولمعوتمتنء,نودنممتعوطتسء,نوبسكوياوناكامبءل,مهلبوقنمنيذل,اسننويحوتسويومكء,نيفرسوملء,خدوق,اهلالهناتنومء,هبرنمةيء,اشاملاضرلواوتاوامسل,اجنوامتبوجعوء,مضرلء,نولقعويلنيذل,يلبذكلء,تسوتهيفيذل,لوترل,نولمعوياون,ادليدجاقل,ةملكاولاقدوق,موقايمهل,ناسنولء,تخويهيفاوناكاميفةمايقلء,نيقتملولةبقاعلء,نيرباغلء,ويمههلل,مهيولعانلوسراف,عقواماذامثء,ةداهشلاوبيوغلء,اشينملقزورل,نسحواكيولعصق,مكيولعملسنولوق,ننعهتدوواردوق,مويبذكلء,احصاىدان,اقلوهزناكلطابلء,نودحجويهلل,تسويلوةلعاسنورخاتسويلمهلجاء,نملهناوهسفء,يربينااودهشواوهلل,ةلنسحاينودل,نيصلخوملء,مهنوعانفء,مكبراورفغوتسء,نمانلرجفء,نيحلاصلابينقء,نماناولييارسواونبهبتنمء,مويلواوهللابنمء,نودلاخاهيفمهةنجلء,عوضوةايحلء,ركمدوق,حبوصل,نيلزنوملء,رثكوانكل,ةايحلواب,نممتدوهاعنيذل,ارمامكسف,يوغهلل,مكنومةف,ريوخاناوليوكل,ريوغبضرلء,مكيولعهلل,نوعمسويموق,اةرخلء,نوالبوقهبمتنومء,نمينتيوتء,كوتيلوفهلل,نورصنويمهسف,يفاينودل,راهنلاوليولل,ماعنولء,نوااورسخنيذل,رهللدمحلء,نيازخىلعينلعجء,يشلكليصفء,ىتحةنجلء,ميقمباذعهيولعلحيوهيزخويباذعهيتاينمنوملعوتفوسف,نومحرتمكلعلواوق,يفنمنملكبرء,انعتفء,اشينمىلعكلذدعوبنمهلل,نيحبصمةحيوصل,ياطوهبتلوسرايذلاباونمء,ناهلطبويسهلل,تبوسل,واوسمشل,ملامتنوانواهريوغهلانممكلامهلل,ىلعهيووباعفر,ىلعلايرجوء,اذامكلهللابنوف,ىلعلضوفوذلهلل,حانجامهلضفخء,نوتماصمتنواموامهومتوعدامكيولعء,ناناطلوسنماهبهلل,مهلبوقنمنيذلاونوعرفلء,نوركذتمكلعلىتوملء,نمنيعوطملء,دوقاورذتعوتل,نماينودل,دميذل,نمينغويلنظل,ريوختنواوانمحراوانلرفغافانيلوتنواء,نوايفامبملعواهلل,يرباناويمارجوايلعفهتيورتف,ختينوابارعول,اشياماهيفمهلراهنولء,متعوطتسء,نابذكلء,ريوغالاق,سلابةراملسفء,نيدتهملء,نيمرجومموقىلاانلوسراانااولاق,عويوقاحسواوميهاربواييابء,نواومهلاوماباودهاجهعماونمء,ضوينمو,وممتنوااماوق,نورهطتيسانامهنامكتيرقنممهوجرخوااولاقنوالاهموقباوجناكام,ادلوهبسنل,تيوبدنوععرزيذريوغداوبيتيرذنمتنوكسوايناانبر,نماوعدواوتايرتفء,مولعومردق,نااهوصحوتلهلل,نيملاعبملحولء,هوانمافء,نوملعويلنيذل,ادبوينممكياكرشنملوهلوق,كوتيلوفهريغ,اعتملء,ميقمينلوعجء,مهلبوقنماولخنيذل,وابرمايلهلل,نوكفوويىناهلل,ولةلنتوفانلوعجوتلانبرانلوكوتهلل,نمتنوكولبوقتيوصعدوقونلوء,نوركشويمهلعلتارمثل,ىلعيلبهويذل,اينغوامهوكنونذاتسوينيذل,نيوجوزلكنماهيف,نولفاغلانتايء,قحينواهلل,ةقانهذهموق,نمرغصالوء,ناانابااياولوق,مهيولااوق,نذوابلانمووتنواسفء,نولمعوتاممء,يلتوملء,اوهواتعء,رملواوقلخل,ياطىلاهلل,دوبلء,ارسلاوء,متحوافاهردق,فاولوتنواف,نودنمنودبعء,انكمدق,يذلابانااوربكوتسء,هدنوعانعاتماندوجونملاذخاننواهلل,مناكارماهلل,اهتحوتنميرجوتاهنولخدويندوعتانج,هوانماوء,دوقبرملسل,نمكمارحلء,هبرحونىدان,نوبذكوياوناكامبوهودعوامهلل,ظيلغباذعنممهانيوجنوانمةمحوربهعماونمء,يلفسجننوكرشوملء,غشدوقهسفء,ىلعهارقء,داعىلاوانلسرء,نمكنوزفتسويلاوداكنوء,اةلوقمكبيلناوللاق,دومثىلاوانلسرء,اسحلواونينسل,نامبيوعشاياولاق,نينسعضوبنجوسل,مهنيقفانملء,مصعوتسوافهسفء,تهانلوصفء,نودنماوعدونانكنيذل,يلوةلريبكلوةلريغصةلق,تنواقحامويلوانمىوقء,نميدهتوء,مهيولعقحاقل,هركولوهتاملكبقحلء,تنايخاوديرينوء,نبوهذويتانسحلء,يزجونكلذ,نيربكتملء,شمكنمرجويلموق,اجذامهاوعدناكامف,يلقانلمثهل,موقايلاقاحللاصمهاخادومثىلء,ريعنقء,انمعنمانابااياولاقمهيباىلااوعجراملف,مهبرلاوباجتسء,نيملاظانكانااولاقنوالاانسابمهء,نيدلاخلء,سكلهواب,غلبوتنلوضرلء,نمهنوملبقء,اشنوارصماولخدء,نورعشويلثيوحنمباذعلء,راصبولء,اروشنومهاق,اعدلوبق,نوارفء,نيملاظاوناكوهوذ,ىلعموامكلنذاهللء,ميظعرحوسباوء,داهملء,ديدشليباذعنامترف,مكيباىلااوعجر,حونايليق,مويةلصلاخاينودل,ميظكوهفنزوحلء,ةحيوصل,نيلفاغاذهنعانكاناةمايقلء,نيوباقل,ىلبمهل,ووووول,نوىلاع,ذوذجومريوغءل,يفمهلننيزلينتيووغاامببرلاق,ااودبعوتلنوء,تخوتهيفمتنوكامةمايقلء,دودرمريوغباذعمهيتء,رابدولء,نوزملوينيذل,ايشواسانل,دعووناويلهوانمينبء,مهقوفنمفقء,نوملعويمهلعلسانل,ويسومهنوعناككيلوالكداوف,اميلاابلاذعمهلاندوتعواةرخلابنونمويلنيذل,فانملواونيقفانملء,نيربكوتسوملء,مهومتدوجوثيوحنيكرشوملء,رماامنوعطقء,يفنمبملعواكبر,رقوامهياةليسول,تلفيفيوضء,اجاملقحللنولوق,نيمطوتهلل,يفاميلاابلاذعهلل,نولقعوتلفاينرطفيذل,لذدعوبنميتايمث,انيولعهلل,ابنوانمكيولعصق,تابنهبطلتخوافء,انبوانولتق,نوبعلويمهوىحلضانسابمهيتاينواىرق,امحلصلء,نمهبرف,مهاخانميل,وتناىسوملاق,هدحوونارق,ريبكداسفوضرلء,دبعاناترمء,ريوزعدوهيلء,ديعبلء,نورصعويهيفوسانل,ةديفولواوراصبولاوعمسل,نامهلاوميقتسوافمكلاوماق,نوركشويموق,موقايلاقادوهمهاخاداعىلء,دنوعةلجردمظعوامهسف,مولظلناسنولء,ناكنوامكلحصنوانواتدورانوايحصنمكعف,نونموويلموقنعرذنلاوتايلء,ةيدواتلاسفءل,امنمىق,نىرق,يونولتقء,اجونجوسل,انلفوافةاجزومةعاضببانيوجورضل,ريوغضرل,نيبمباتكيفلاربكوالوكلذ,نافلبجلء,اروحدوم,نولمعوياوناكاملطابوهيفمهامربتمء,هيودينيوبيذل,نوامكلتلوسلبلاق,سوتسء,يبسيفاهنوق,نيبلاغلء,متنوكامبمكيبنيفةداهشلاوبيوغلء,مكرابخوانمهلل,تسوتنوء,وتيمث,ووول,نولمعوينيذل,نودنمىرتفء,مهلنابذكل,رارقنماهلامضرلء,مهنعلومهبسوحيهاهيفنيدلاخمنهجرانراف,نولفاغانتايء,نيفدرمةكيلملء,اجلوعهلل,ةمعوناولدبنيذل,مكانيوتء,اتلويبلابجلء,اهباونموويلةيء,انذوخادوق,مادقولء,خماعنولء,نمينرصنوينمموق,ةلمتعوبت,اشيولنوااونمء,ننعاهاتفدوارتزيزعلء,نوعمجوياممريوخوهاوحرفء,ريوخةرخلء,نييطاخانكاناانبونذانلرفغوتسء,ننعلداجتسفء,ةبايغيفهوق,ىلعكتيوف,نوملظوياون,هانيوتء,سةنتوفلء,نولمعوياوناكامء,يلفهلوق,تمهراصبواتفرصاذء,اهبرةمحورنمطنقء,ياوناكامب,ابدوق,ىلعوكيولعهتمعونمتيوثيداحلء,ادبويهلل,هبمتنومء,وووولء,نيماحصانمكلاناويبرتلاسرمكغلبء,نمرهجلء,ديرنامملعوتلكناوقحنمكتانبيفانلامتملعدوق,دهعبنوفوينيذل,اكرشاوعدء,مبنوف,ضرايفلوكاتاهورذفةليء,انليطتقء,نبسحوتلوىلاع,نوركنومهلمهومهفرعفهيولعاولخدففسويةوخواء,ياطناكنوء,نممهناينوبهلل,اركومعرسواهلل,نودبعوتهايامتنوكنواهلل,نوياماودجيلاانلزحعمدل,يفباذعمهل,نجوسل,امسولء,ننعهتدوواراناقحل,هذهيفكء,يفنمومتنوااورف,مكبربتسولامهسف,مهاوناكابليوعشاوبذكنيذل,ميلاباذعمهنوماورف,نميحلء,ىلعتلوكوتينء,نولدعويهبوقحلوابنودهيةماانقء,يذىلااوغتبولاذلانولوق,نماريثكنلولضوانهنابر,يبسمهيده,نورسخولء,نعنوهنوينيذل,نودنمنوعدوينيذل,نيكلاهلء,وااملف,نمكتمحوربانجن,نوملظوياوناكمهسف,نونقوتمكبرء,نعكنونتفء,نولقعويلاوناكولومصل,ناوخوااوناكنيرذبملء,نواوانتاياباوبذكنيذل,انبوالتق,ادلاعنالاةمايقل,نولفاغلء,اروفومءل,وتفرخء,بسوحيبنل,نولفاغهنوعمتنواوبيوذل,ميهاربوانعبهذاملف,قوفابلاذعمهاندوزهلل,يفهانيوتء,اوسمكوعبتيلىدهل,نيذللريوخةرخلء,بوقنمهيخاىلعمكتنوماامكلاهيولعمكنمء,يفاهبمهبذعينواهلل,مويمهنيوبيضقء,نواىلعمكيغوبامناسانل,همعنولاركاش,جوزوتنوانكسء,نعانساب,ركوماونمافء,نوبحتسوينيذل,زجورل,ديوكيدهيلهلل,نواسانل,نوكبويءل,نمننوكتل,لانوملاظل,نيقلوملء,يفىرشوبلء,مهةرخلء,نيدومىلاوانلسرء,امريغيلهلل,املوعفء,اشينمىلعهلل,هوانمونوق,نوهمعويمهنايغوطيفمهرذيوهليداهلفهلل,طوننمناسنولء,نبيصتلةلنتوفاوق,نييطاخلء,يفنينمووملء,دعوباذامفقحلء,اوناخدوق,متمتناول,مهبرىلعواونمء,نيفلاخلء,لذاهيفنيدلاخراهنولء,اروتسومابلاجحةرخلوابنونموويلنيذل,نويامنودجيلنيذل,نيمثاجمهرايديفاوحبصافةحيوصل,يفكيرشهلنكيملوادللوذوختيمليذل,نلكلماللق,هناينعتاييسل,يشلكلانلايبوتباتكلء,توانبريتيرذنموةلصل,اكرشاوكرشوانيذل,نورظنوتلفنوديكمثمكء,ملعوتواوقدصنيذل,ميقمباذعمهل,السرل,وسرفلخمهدعقء,ويابلاتكةمايقلء,مويلوابلوهللابنونموويلنيذل,نورساخلاذلامكناابليوعشمتعء,نيوجوزلكنماهيفلومحء,مكلاندودرمث,نيرهطملء,هللنولعجء,نولمتنوسحوامتنوسحوانوء,نلناكام,ىدهلهلل,ىسومانيوتء,يفمهانعوطق,نوملعويلمهرثكوانكلوقحهلل,اهتحوتنميرجوتتانجتانمووملاونينمومل,اميظعللوقنولوق,هلكانيلاولاق,يواتنمينتملعوكلمل,نمنكاينمحرتويلرفغوتلاوملعهبيلسيولامكلاسوانواكبذوعاينابرلاق,ييارسواينببانزوواج,هيولعلزنوالولنولوق,هبمكاردوالومكيولعهتولتامهلل,ديدشنكورىلايوء,نموهوتبذكفربدنمدقهصيمقناكنوء,سيبسيولموقايلاق,وخنملنوكتلكندببكيجننمويلواف,ميلعظيفحيناضرلء,يامبميلعهلل,رطافثيداحل,يفلوضرلء,اجنملوكلمل,ةمعوناودعتنوء,هيولعتق,معونمكلومهلل,نيطنمهتقء,موقايلاقومهنعىلوتف,نيمسوتملولتايلكلذيفنء,اولوتنواف,يبحاصايلاقف,تيمدلبلهانقء,اعونماهجرخوتسء,تنوااندوهشىلباولاق,هيولعاولخدذوء,دبعويامكرتوننواكرماتكتلصابيوعشاياولاق,اوفواموق,اجدوقهريوغهلانممكلامهلل,عاوصدقفء,اميعلبء,نملةرخلء,نممكبء,انكورابيذل,اهيفاونغويملنواكابليوعشاوبذكنيذل,نذاتسويامنء,ياوناكاممهنوعلضومهسف,حوزاورف,نممويلء,خاورفنء,نويلومهرضيلامهلل,اعليمجرملء,ةيفىلاازليحتموالاتقلافلرحتملاهربدذيمويمهلوينم,راوبلء,بردنوعينركذء,نولمعوتمتنوكامبةنجلء,نمةنيبمكتوء,ىلعرفء,اشعمهابااوء,تامماريثكهق,هديعيمثقلوخلء,فانملواونوق,اعليمجمكيولاهلل,ىلعنينمووملء,اهيفاونغويملنوء,يوىندولء,ننعاهتيوبيفوهيتل,اهتحوتنميرجوتتانجمهلهلل,هبينوتيء,نورخاتسويامواهلجاةمانمقبسوتام,نومرجوتاممء,اريوخهلل,مهناينوبلازيل,هلللامكوحلء,تايابنونمويلنيذل,ريدقميلعهلل,روخفحرف,تامملعويهلل,نيعمجوامهدعوملمنهجنء,هدابعيفتلخدوقيتل,نوعمسويلمهفمهبولق,ىلعوانيولعهلل,يفمهلسيولنيذل,نااوملعويملء,ميظعمويباذع,هتودوار,اعلوبنويضرلء,مويلواوهللابنونموويلنيذل,مهانقوزرامماوق,ينحنيدللكهجوومقانوء,نودلاخمهرانل,نيرذنوملء,مكناميادعوبمترف,ملسباهولخدء,اجاذافضرلء,ناحبوساهيفمهاوعود,افسوياولتق,ننعينتودواريهلاق,دنوعانواعف,يننوعار,نوهراكمهولانوق,مهذخافهلل,ةلفاكاورفنويلنونمووملء,اذهمهماعدعوبمارحلء,ينوانارق,يلنواباتكل,تمبابراانجوسل,واوفسوياولتقء,نوياورف,قهزوقحلء,نمكنظنلاناوةهاف,ادلجسبابلء,يمهنانوريلوء,تتلفاهريوغهلانممكلامهلل,مويوةلنعولاينودل,نلانيوجاممتملعدوق,ماريوخنوقرف,لواوتاق,مانبء,ىلاهيوف,ىلامهوعدوتنوء,نوقرغوممهنااوملظنيذل,اولتقوافمرحلء,وتمتنوكامبباذعلء,ياوناكاممهنوعلضوقحلء,ابنوانمكلذ,اشينماهثرويهللضرلء,مسوباهيفاوبكر,نااوملعء,نيرغاصاوبلق,مايالثوملانورظتنويلهف,يفمكء,ريصبنولمعويامبهلل,ييارسوء,جارخواباومهومهناميوااوثكناموقنولتاق,يفمكناوخوافةاكزل,ناامكللوقاوةرجشل,تياممهلنيبيىتحمهادهذوادعوباموقلضيلهلل,نااوربصاوهللاباونيعتسء,ميقتسوملء,حنونمووملء,ابليوعشبسنل,ويغلء,مويهموقمدقء,مكيولعمرحامنء,مكتنسلوافصتاملاولوق,اشننميجنفانرصنمهء,اصعببورضء,يبسيفمكسف,رمارهظوقحل,نوعمجوامهلكةكيلمل,احصاكيلوااملظمليولل,مهيولععقوامل,نودنمعدوتل,ييارساينبلهدعبنمانل,تذخاوانمةمحوربهعماونمء,نيحىلامهانعوتمواينودل,نولمعوتفيوكرظنونلمهدعوبنمضرلء,نويلامهلل,تايابيريكذوتويماق,هريوغهلانممكلامهلل,اوبنتجواوهلل,هذهاونكسء,ايربوكل,نمنوكتفهلل,نيلفاغلمكتدابعنعانكنوامكنيوبواننيوبادليهشهللابىف,يفضعوبىلعاهضعوبلضف,نذوابنيوف,هموقنماوربكوتسء,اشوللق,اهلهواوهانيوجنواف,يفمكورصنوتسء,اشنواهلل,نوعمسويلمهوانعومساولاقنيذلاكاونوكتل,نيقداصمتنوكنواهلل,نورموويامنولعفء,نامىلعهلل,امكةلفاكنيكرشوملء,نيرظنوملء,لمهلهلل,يشنمنواونهيفنموضرلواوعبوسل,اروهومتذوختاوهلل,دوهموقداعلادلعوبلامهبراورف,ارورغلاناطيوشل,ديدشوهوهلل,نورتميهيفاوناكامبكانيوجلوباولاق,هتوخواوفسوييفناكدوق,نيحبصمعوطقء,عمنوكينواىباسيلبوالء,ارضلواعلفء,نوبذاكلء,انلسرتء,ايروارطبمهرايدنماوجرخنيذلاكاونوكتل,نورفاكهبمتنومء,مهنيوبيضق,ىلعاورتفء,سواامسفء,مهبرىلانوغتبوينوعدوينيذل,اجفاهانكولهواةيرقنمم,نيقرشومةحيوصل,يفامدجسويهلل,نيلياسللتايء,نوبسكوتمتنوكامبباذعلء,اهبراغموضرلء,يفامتقء,ىصقولء,نونموويلمهنااوق,انلاميامهتودازهتايء,خواامبهنوق,يلقلاهعمنمء,ناكارماهلل,ديوكنهومهلل,موقايلاقابليوعشمهاخانيدومىلء,رمانمنيبجعوتااولاق,مكرصندوق,نودنمةلوهشلاجرل,ديجمديمحهناتيوبلء,يلااوضقء,اجاملانبرتايابانمء,مكتناكمىلعاولمعء,ذينحلجوعبء,تايابنونموويلنيذل,دنوعنووتسويلهلل,نمزوزفء,نونضرل,صوينواهبهلل,دعهبنوبهرتليوخلء,نولكوتيهل,يوكلء,ربادعطقء,يشىلعردقء,هيولااوبوتمثبونذل,مكنوموسينوعرفلء,نلكيتاتم,انابااياولاق,نولطبوملء,فانمبارعول,مكلريوخهلل,عويقاحسواء,سباهوسمتلوهلل,يجنولواوةاروتل,مهلليقذوء,ريعلاواهيفانكيتل,نمننوكنلانمحرتوانلرفغوتملنواوانسف,تاياباورتشء,مكيفناملعومكنوعهلل,نوملسوتهج,متيولوتنواف,نولمعوتمتنوكامباهومتثوروء,مهنومكدابعلاميقتسمل,ةلرمنيعبوسمهلرفغوتسوتنوامهلرفغوتسوتلوامهلرفغوتسء,غوياوهتنوينوااورف,ةمعوناوركشواوابليطلللحهلل,نورساخلاذلااناهلوق,نودنمنوعدوتمتنوكامنيوااولاقمهنوفوتيانلسرمهتوء,مكناقياب,مهملعويهلل,اوكرتوتنوامتبوسحمواداهجلاب,مكلوتنوااودونوقحلابانبرلسرتء,انبراولاقاعيظف,ريوخوهوكبذ,نوهتشوياممهل,اماوارمخهبريقسويفامكدحاامانجوسل,اضيوبيهاذافهديعزن,نيربااموتلاقف,قابهلل,هيزخويباذعهيتاينمنوملعوتفوسلماعينء,عبتاونكل,نورساخلاذلء,ةمعونبونونموويلطابلوابفاتابيطل,اضلرحنوكتىتحكلاوحء,يتفيظوف,مهنومةقرفلكنمرف,ىلعناطلوسهلسيولهناناطيشل,دداحينمهنااوملعويملء,عيمسليبرنء,اجدقلسرل,مهملظاموباذعل,ةوقدعوبنماهلزوغتضق,ياوناكامبباذعلء,يفمهلاموريعسل,غتاقول,هللاوبرضتلف,ولادلعوبليقولصومل,نينمووملولنموويوهللابنموويمكلريوخنذالوقنذاوهنولوق,يوتلق,.امبمكيبنيفةيفاخ,هذهيفاوعبتواوهلل,ريشبواهنم,ننعهتدووارانانجسل,نيعمجواسانلاوةنجل,نوربكوتسوم,تلويدنوعمكلليوكلفهبينوتاتملنوافلاقف,مهدروافةمايقل,تيمبوهاموناكملكنمتوملء,ةماىسومموقنم,تهللاتاولاق,تبسكامسفء,نيبمللضيف,هبمكيتايامناهلوقب,رادمعونلولاق,اهببذكواتايلابلسرنناانعنمام,تنذواوىلاع,امنوزجويسهيامسوايفنودحلينيذل,ادبويهنااق,اندعتامبانتيء,ذوخوويملامهتءارج,نابلاتكانيولعلزنتىتحكيقرلنموء,ناقذولولنورخيمهيولعىلتوياذاهلبقنمملعل,هليواتبانيوب,مكيولعاورهظوينواومهنء,نيقتملواب,نمننوكنلهذهنمانتيوجنوانيلاولاقف,ابجلواكجوم,مهحيبسوتنوهق,ىلعهناطلوسامنانولك,حانبراندعواماندوجودوقنوااولاق,نيوبيادرمق,اموقاوناكواوربكوتسوافانتايابهيلمونوعرفىلانوراهوىسوممهدعوبنمانثوعبمث,اريصباريبخهدابعبناكهناهنم,نويزهتسويهباوناكلالوسرنممهيتايام,يفاورجاهنيذلاونينحتممل,اهلذراب,نمناكفازء,نيزجونلوقابهلل,اريبكانلايغوطلافيوختل,لاوبلقولبقنمةنتفل,يجابيرقينافينعيدابعكلاساذاوهلوق,ثاغيهيفماعدادشل,ملعواكبروهبنموويلنممهنوموهب,يبسنعنودصيوةرخل,مهنومبابلكلرخل,حونينبمكجاوزوانممكللعجواجاوزامكسف,مهبوذعيمهولتاقلاقف,معنوابترف,يفاممهلناولهلاوبيجتسويملنيذلاوىنسوحل,نلاسونلف,نورفغوتسء,ةلفاكنء,نوانملوسرمكء,مهولاةلصل,نوعرفهل,نفلكنلتاحلاصل,نايسفء,نمىبرايهةمانوكتنوامكنيوبلخدمكناميوانوذختتهلوق,يفشمتل,هاصحواىلاع,انومتممذ,انلوسراكلذكملس,مهنومكدابعلء,خوتسويل,سويوديدشل,اجاذافلجاةمالكل,ميكحنودلنمنايبل,نويسف,اسانموهسفء,نوددرتيمهبيوريفمهفمهبولقتباتراورخلء,اولانيملامباومهورفكلاب,لاوبرضفيوكرظنء,لجروكليوخبمهيولعبولجواوةيصعمل,بوقنمهباوبذكامباونموويلاوناكامفهب,اوركذوافشطبل,ذزيزعهناف,نممكيووباجرخواام,نوانوبحينيذل,نيذلاوبيوعشايكنجرخنلهموقنماوربكتس,تيميوييحء,نلهصلخوتسوء,نونينسلابنوعرفلء,مويمهناتيحمهيتاتذواتبوسل,اناجنذوادعوبمكتلميفاندوعنواابلذكهلل,ىلعامداهجل,ةلمذلولانمووميفنوبقريل,نممهيولعانلوزنلمهنع,اوسنامكمهاسنونمويلوافاينودل,هاسنوافكبردنوعينركذء,نيفكبرركذء,هيولاوتلوكوتهيولعهللابلايقيفوتاموهلوقل,هسمرضىلاانعدويملنواكرمهرضهنوعانفء,نوبتعوتسويمهلواورف,املسنويموقلاهلوق,سريوهتف,تلاقوةعينشل,نيقداصمتنء,ةنتوفلء,نلاسونلفهلوق,اونسحوانيذللهلوقب,حكلذكاونمء,مهلوءيش,مهلخدويسمهلةبرقاهنالالوسرل,اذهمهماعدعوب,نينيمطومنوشميةكيلمضرلء,يفوحلاص,اوناكمهنابةلف,مهاسنونمويلواف,متربصنيل,.دقفتمل,اهومتثورواةنجل,ياوناكامبسيتبوتلفنمء,اوقوذتوميقتسمل,نونقويانتاياباوناكواوربصاملانرمابنودهيةلميامهنومانلوعج,نيذلاونوبلغويمثةلرسوح,اوبغريلوهلل,اوناكامنوزجويسهيامسوايفنودحلينيذل,ىرخوارزووةرزاورزتلوهرز,اوملعوتلومكرافسء,ةمعوناوركذء,قلخامممكللعجهلل,دنوعدهعنيكرشوملول,تبخاملكباذع,نيلمهمب,رشبورومل,ونحونء,نوعيطيوةليذرل,ينبايلزعوميفناكوهنبء,ناادلبااهيفنيدلاخميقمميعناهيفمهلتانجوناوضور,اقنيرف,جورخللكونذاتسافمهنمةف,نوملعويلمهرثكوالوبلاق,نولياقمهوااتلايبديدشل,منهجمهاواموناف,اذهرحوسانيبم,يلواديدجقلخيفلانياابلارتانكاذيامهلوقبجعفبجعتنء,يزجونكلذكواينودل,هناطلوسامناليبس,سيوبومهبناوج,ةبادنماهرهظىلعكرتامصق,حويسولاح,يزجويهلل,حربوانلفيبء,عيشيفكلبوقنمانلسرادوق,بوقنماوبذكامباونموويلاون,نوثعبويمويىلاينرظنوالاق,حويلودجسمل,مهلنامرجلىنسوحل,ةلرصبومراهنل,هبملكواضرل,اققرتم,وتنوااهملعوتتنوكامكيولااهيحونبيوغل,اقمهزاهجبمهزهجامل,نااولاقهلل,عضوتسوياوناكنيذل,نيذللريوخةرخل,اوتبثفديياتل,نيكرشوملولاورفغوتسوينواهب,نيهراكانكولوء,سمكنول,حونىدانواهلهء,رشمتنواهسف,تنامهعنماموهلوقب,باذعلاب,نيملاظلةكيولء,هديعيمثهيدتب,دلولواولاومل,اوطعويىتحلاتقل,نوملعويفوسفرخء,ىماتيلواوىبرق,نوثعبوينايانورعشوياموء,ريمحلواولاغبلواوليوخلء,نويكيملفنيكرشومهبانكامبانرف,نواومهلاوماب,نيذللتيولمافكلبوقنملسربيزهتس,هبنموينممهنم,دبعويامدبعوننوااناهنوتاهنع,ينولسرافهليواتبمكيبنااناةمادعوبركداوامهنوماجنيذل,يلواانلادلابعاييازج,تملظسفء,رحوسلااذهنوااورف,يشغويلاق,يفلاينتفء,نيذللريوخميقمل,غهللاوء,امهلوادعووء,تخويهيف,مكلراجيناوهعم,شوكنوكلميلفهنودنممتمعزنيذل,اصلواوودغلوابمهللظوكلذ,اقهكلهب,نوملعوتلامقلخويوليخل,يفعاتم,اشياملفيطليبرنايتوخوانيوبوينيوبناطيوشل,ايضسمشل,اهياايهلاح,ةايحلوابرافكل,مهيولعتقاضواهبحر,تلقااذاىتحهلوز,مكرذنويلمكنوملجرىلعمكبرنمركوذمكء,نمهيولعيشغوملء,تملفنوملسمل,ادلبااهيفنيدلاخ,ياوناكامبسيتبء,نورعشويل,مكنوغبويمكللخاوعضولولابخلامكودازاممكيفاوجرخول,معلواوبيطل,نودوةلف,مهلنيملاظل,نكلذفتلاق,وذكومريوغدعووكلذماياةثلثمكراديفاوعتمتحلاص,نمفةهبش,يفينبوطاختلوانيحووواننيعوابكلوف,نعنوهانل,هىتم,ابلادنينسعبوسنوعرزوتلاقف,مهرثكوااندوجونواوهلسر,اولاقميظعل,لذيفناهباقع,تخويهيفاميفمهنيب,هليبسنعلضنمبملعواوهكبرناهلوق,.مهوفس,مهزاهجبمهزهجاملف,نوااذهلثومانلوق,ةلرذعوماولاقادليدشابلاذعمهبذعموامهكلهمهلل,رضفيوكرتملاىلاع,يذواىوجونمهذواوكيولانوعمتسويذواهبنوعمتسويامبملعوانحء,سانلابطاحاكبرناكلانلقذء,ابامهلواسوافكبرىلاعوجر,رياصبضرلء,يفثبلفهبرركوذناطيوشل,اديرانواهنوعمكاهنواامىلامكف,اهنومكوجرخويلضرلء,وااوبلغويفلامكنومنكينواونيوتيام,يفمتفء,كاهطوسبء,جيفتارخسمريوطل,يبسوحلوق,يفلاعلنوعرف,فامولظوملتقنموقحلوابلاهلل,نوركذتلفالثمنايوتسيلهعيمسلاوريصبلاومصلاوىمعلاكنيق,ميكحزيزعهنامهنيوبفلاهلل,ضعوبىلامهضعوبرظناهنومضمب,مولعوملء,عمانلوعجوتلانبراولاقرانل,ديدشيوقهلل,سويىلعاولخدامل,نممهانقوزرورحوبلواوربلء,اانتيرقنمكعماونمء,هلكافةحار,نونسومامحنملاصلوصنمارشبقلاخيناةكيلملولكبرلاقذوء,مهنوعانرخانيل,هنومنينمووملء,ميكحهونلعء,مكنومتفتلويلوليولل,قللحوامارحهنممتلعجفقزرنممكلهلل,ايلواهتيرذوهنوذختتفاهول,هكردوااذاىتحاودوعوايلغوبهدونجونوعرفمهعبتوافرحوبل,هنجرخنلف,ديمحينغلهلل,ةلمحوروىدلهةنمضتم,يساطلولانلسرتء,ىلعهشرعناكوضرل,سباهوسمتلوءيش,لدجتلمثتامملء,رضويكلذكهلثومدبزعاتمواةيلوحء,نممكيولعلزنيوهنومةلنماساعنل,نوااوناكنكلوعقوء,نلكلناول,انظلاءاكرش,اممكنيد,يفكارنلاناهيار,ىلعفقحل,امرغومكلذ,اسلابارتل,تسومضرلء,انلنموومبتنوااموبيوذل,نمكيملوافل,اهتحوتنميرجوتتانجاداقتع,يفمهانلومحوةنطابل,نوعجريانيولء,نيبمريذنمكلينالاقف,ناةمايقلء,صصقوافانتاياباوبذكنيذل,يخنوعرزوبانعوانمراجشل,نيدجاسيلمهتيواررمق,نيمرجوماولوتتلومكتوق,نكلذكةمايقل,ههنارصم,انكولهوادوق,انومتيوذء,مهاوجونومهرسملعويهلل,يبسناعبتتلواميقتسوافامكتوعودتبيجادوقلاق,يفينبوطاختلوانتاضرم,ريعلء,توارفء,.ادليدشابلاذعمهبذعموامهكلهمهلل,اوهمهتديفواومهفرطمهيولادتريلمهسوءر,دعناسنولولناطيوشل,نيبمناطلوس,تكلمامىلعمهقزوريدارباولضفنيذل,اورسخدوقلمعونانكيذل,سويركذوتاتفء,مويىلاينترخء,هيولاومكبروهمكيوغوينواديريهلل,نوبوتيلمثمهرابتخ,تايلكلذيفناهلوق,ىوثومسيوبلفمهلاحب,مكقزراممواء,هناكمرق,امكيتاينوالبوقهليواتبامكتابنلاهناقزرتماعطامكيتايلامهبلطل,ريطاسااولاقمكبرلزنااذاممهلليقاذء,ىسومانيوتاو,نمهانلوزنواء,انمةمحوربهعماونمء,اكرشهللعجاحللاصامهاتء,يشلكومكحلاصم,هركولوهر,اشتنماهبلضتكتنتوفلايهنواانمء,نوعيطتسوياوناكاممهريغ,نواكلذ,نودوعتةرم,مهرثكوااندوجونواودهعنممهرثكولاندوجوام,مكبصبرتيوامرغومقفنويامذختينمبارعولء,ادليوككلاوديكيفهلوقل,يلمتبوجتسوافمكتوعد,نمفمكبرنمقحلء,تيمهلعلوهيناعم,نممكيولعزعايطهوراموقايمهل,قرونمامهيولعناف,حيسملواوةثاغتسل,يرفناوقحلوابكتيوبنمكبركجرخواام,اهوقرستف,نويمهانقوزرامموةلصل,ىصعوكلذ,اورجاهيىتحء,نممهلوحنموةنيدملء,نيعمجوامكادهلىلء,تتنوااونمء,نضرعوتاماولاقف,هوقوذفروكذمل,ننوكنلهيف,نعنوهنويونايصعل,نمذختاونينبلوابمكبرمكاف,ميلعكبرناةيويند,مهبقاحواهراثء,ناحبوساهيفمهاوعودهلوق,يايووريفينوتفواكلمل,ةلنيزواهوبكرتلمكل,دارااذاومهسف,يخرصمبمتنواامواهب,تلاقاذهل,اوسمشلاواثيثحهبلطيراهنل,وهناهربل,حورنماوسايوتلوهيخاوفسوينماوسسحتفاوبهذء,دبعويامكلانودبعوياممهنء,نياماماوءل,ريسيليوككلذريعب,خاوساجفمكلاومء,دادشعبوستابصخل,يمكنوملسرمكنيتايامامدء,هذهيفاوعبتواودورومل,مهحبصيس,تافمكلرهطء,ثومينوتووتىتحمكعمهلسرانلبوقع,راحنملادلاصراونينمووملء,ىمعواةرخل,اهلااودبعويللااورمااموميرمنبء,نمكموقجورخوانوء,انيتوويساولوق,ايفحيبناكهنايبركلرفغوتسواسهلوق,هللاولعجموارونلاوتاملظل,اذامكيولانورذتعويفوس,اهتخسونيفوةليلج,انتاياباوناكامبهلوق,عوضمكنم,عماودعقوافةرملوادوعق,يشلكىلعهللاوقحل,انلسحاعلاتممكعوتميلاقف,رضفيكرتملء,يةبيصمكبوصتنواومهوستةنسحكبصتنء,مهناميامهعف,يبسكلذنيوبغتبواواهبتفا,هعمنموىسومانيوجنواونيرخل,مهنوعىلوتف,جعيول,انلوقوردق,نمننوكتلوافل,نولمعوياوناكامنيفرسوملولنيزكلذكهسمرضىلاانعدء,ناكوقاف,واباونمء,نمكناجورخوافاهيفربكتتنواكلنوكيامفاهنومطبهوافلاق,اعولبوقمهتيعوابشتفمل,نممكانيوجنواذواولاقف,اريبكوتهربكولذل,.ةلعاضبهورساوسيف,مويمثىلاع,ةدحاوسفء,ةطحبابل,عوضمكيفناملعومكنوعهلل,يبررمانمحورل,اعلمطوافلوخهوعدواوةرخل,يخوركذل,نينمووممتنوكنواهلوسروهلل,مكيولعفوخلةحلاصل,انابااياولاقيارل,ىسومايمهارء,انليكسنهنومةدحاولكتتء,اعلرضتايلاخ,وقهملع,نوقداصلاناواهيفانلوبقوايتل,اهنورتدمعريوغبةميظعل,انلاومايفلعفء,اوركمدوق,نمةلديفوالوعجوافهنيدل,ازجمكوازجمنهجنافمهنومكعبتنمفبوهذء,اشننمتاجردعفرنهلل,ىريسفىفخيس,هباناوهنادج,نوحمجويمهوهيولء,فناكملكنمادلغراهقزوراهيتايةلنيمطومةلنمء,غليبرناهرمء,ةرملوامكوء,تهلاوكرذيونولوق,نيذلاونيعء,اموكلذب,مهرابدواومههوجونوبرضويةكيلمل,اروذحومن,نيذلاوانلسريجننمثلاق,اهلكايتووتامياد,وهرغضرممهبولقيفنيذلاونوق,يبنسحوادوقوملحء,عويلء,اوناكاميفةمايقلء,عمينلوعجوتلوء,راحنملادادعء,.مويومكنعوظمويمكل,نمنكتلوامهريغ,تربكواوتاجردربكواةرخللوضعوبىلعمهضعوبانلضففيوكرظنء,وافاذهيصيمق,اندابعنمهناء,يولعامنافاولوتنواف,هلكرملء,فاودوعينواوفلسدوقاممهلرف,حويلولبقنمهلوسر,يموينينمووملولويدلاولويلرفغء,.مهابتجاف,اسلااوفرع,اوعيطاومكنيوبتاذاوحلصاوهلل,اممكايء,واوسمشلاورادل,ربذوعالوقىلاع,نااهركشب,نييساخةلدرقاونوكمهلانلوقهنوعاوهنامنعاوتعاملف,ايليوشنوق,مكعميناةكيلمل,اهلركواعلوطهل,ركوذبمهبولقنيمطوتواونمء,مكيبانممكلخابينوتء,بوقنمهلخاقرسدوق,ثوتامافلاق,رخسوهلام,ظيفحبمكيولعاناام,نمناكلولف,نواىلعمهدهشاومهيابء,نمازلجورمهيولعانلوسرافمهلليقيذل,اريصباريبخهدابعبونذبكبربىف,توعودبوجنانرصبء,هفهلحوريفدجونمهوازجاولاق,ىلعلوكوتينم,هضعوبركنوينمبازحولء,.ةلصخب,يبسيفةصمخوملوبصنلوامظمهبيصيلمهنابكلذهسفء,نوقراسلمكناريعلء,نهرضحاف,نوعرفىلوتفىحلضسانل,ههنانهديوكهنوعفرصفهبرهلباجتسواف,متدوعاوتولورحبل,ضغوسجورمكبرنممكيولععقودوقملسل,نوركذتلفاهلوق,ةرسوعلء,نيجرخومباهنوممهاموتافل,كاتفبلصيفهنم,خمكلعجذوااوركذء,اريصحنيرفاكلولمنهجانلوعجواندوعمتدوعنواومكمحرينوامكبرىسع,سويناونوصريوغوناونوصليخنوعرزوبانعوانمتانجوتارواجتمعطقضرل,نيعمجوامكلهوابينوتاورمل,نوحمجويمهوهيولااولولللخدمواتاراغموااجلمنودجيول,ناكاممهوبامهرماثيوحنماولخد,اريمدوتاهانرمدفلوق,يجمبيرقيبرناهيولااوبوتمثهورفغوتسوافاهيفمكرمعوتسواوضرلء,ةمعوننممكباموناسحل,هكبرناذيموييزوخنموانمةمحوربهعماونمء,بوقنممهوابء,نالاقهملكاملفيسفء,ةدايزوىنسوحلء,ذوملب,نيقداصانكولوانلنموومبتنوااموانقابتس,اهانرعس,ةلدحاوةلمامهلعجل,يبسىدهواوهنمبملعوء,نمتنوكنوااندعتامبانتافاولاق,اتلايبهباذعمكاتانوامتيوارالوقىلاع,مولعومباتكاهلولاةيرقنمانكولهواام,اامهروهظتلمحاملاامهموحش,هومتلوانتف,مهعتمنسممء,نولقعوتمكلعلنييبتل,ناهناسحاب,نوبهرافيايافلاق,مهلامعواناطيوشل,تلهيلع,نيبمريذنلء,نكسكتلصنامهلاومء,يملكبوقلخل,يفمكناويء,ةمحورهلل,مهبوذعيةبانل,نيذلاوانلسريجننمث,هتوخاوفس,دبعويناكامعانودصتنوانوديرتانلثمرشبلامتنانااولاقىمسملجاىلامكرخء,ةرفغوممهلكيلواتابحتسم,ىسوملاقوةلليولنيعبراهبرتاق,يفاوريسيملفاىرق,سمهلوةنعولل,يصعموياذهلاقواعلرذمهبقاضومهبء,ضعوبمهق,نمعطقبكلهوابرسواف,تمتنوكامعنلاسوتلهللاتلاق,نماوعدواوهلثومةروسب,نيوكلم,فاريصق,ثمكهلثمفهاوهعبتاوضرلء,.هوردتب,موقايلاقهدح,عماونوكينواباوضرء,مهيولعباتمثةليل,نويلوىلاس,واوءل,نماعلطقمههوجوتيشغاامنء,نولمعوتامبيبرناهنم,نوتاتلمكنء,نونموويلنيذلللوق,نوحصانلهلاناوفسويىلعانماتلكلامانابااياولاق,يدهيلهللاومهلامعواء,ناوترثكولواييوشمكتيف,عيرسوهوهقفا,نمهيولايدهيوء,ضعوبء,مهصصقيفناكء,نسحوايهيتل,اهوايلوانوامهريغ,نينموومبتصرحولوسانل,هيودينيوبنملطابلء,ةظعوملاوةمكحلابكبرليبسىلاعدء,درنواانلاوعف,سيوبوباذعل,ىلامكريصمنافاوعتمتلوقهليبسنعاولضيلادلادنواهللاولعج,اىسوممهللاقىسومل,مهنابهورومهواملع,يقرمكعمينء,يكيلوافهتاييس,وينظب,نوبسكوتمتنوكامبلانوزجوتلوهةعاس,ىسوماياولاقاهنم,مهلمهنم,يلوااوضاخيذلاكمتضوخومهقلخبمكلبوقنمنيذل,نورساخلاذلااناةبصعنحونوبيوذل,نممكقزروهرصنبمكديء,دعقومهلنذوويلبارعولء,وووول,دعامكلناطيوشل,اجومهنء,يدهيلنماعبتينواقحاقحل,نممكنوعينغوااموةقرف,كوتيلوفهيولعوتلوكوتهيولعهلللامكوحلء,قوفاوبرضوافبعورل,يفمكوء,وةيلكلاب,ةرامعودارمل,ايحواريوغتاوماهريغ,اروكشادلبوعناكهناحونعمانلومحنمةيرذ,نودنممكلاموتيميوييحويضرلواوتاوامسل,ةبقاعناكفيوكرظنوافارطممهيولعانرطمء,.اهسخب,نولمعويامبميلع,نافمهنوعاوضرتنوافاييش,اهنوعاوربكوتسواوانتاياباوبذكنيذل,نحونانكنواارجولانلنااولاقنوعرفةرحسل,سوييفمتطورفاملبوقنم,نونمووملواوهلوسرومكلمعهلل,هوىلعولء,مثهيخالحوريفهيف,ىلاقلطل,نوحرسوتنيحونوحيرتنيحلامجاهيفمكل,ملعوينواىرسول,ثعبااولاقنوالاىدهل,ددعرمقل,يرمهيولاانوعدء,مهيتاتنوالانورظنويل,لذهايالااودبعتلارماهلللامكحل,يذنمثمهعجرمانيولامثاينودل,ةرفغوموذلكبرناومهلهج,محولورض,نمملعواومكيلع,يبسلضاوايند,مهرشحويمويولاق,تلمارحاذهوللحاذهبذكلء,مهكيلواومهنم,حيلهنانونلعويامونورسيامملعويهلل,ىحويامعبتاامنالوقكسف,اهلاانللوعجء,طارصىلالاقف,ريوغمهودازاموديادشل,حلصاولمعء,نوزجعويلمهنااوق,طابرنموةوقنممتعوطتسء,ةلبيطنكاسمواهيفنيدلاخراهنولء,ةراجتودكل,ميكحاوغلب,هيباذعنء,نمتنوككنء,هيخاوفسويبمتلعفاممتملعل,اهلفاساهيلاعمهرايد,سويىلعانماتلكلاماناباايمهيبل,ميكحميلعهللاوهمكح,اكرشهللاولعجوتبسكامبسفء,اذهكتيواراهلل,هبرلناطيوشل,عبطويكلذكنوهمعويمهنايغوطيفمهرذنوةرملواهباونموويملام,نممكلرفغويلمكحلاصم,تااذهبناطلس,اكرشواورضحء,لنرفغوتسول,يلمدء,ىلعلايرجوانواارجواهيولعمكلاسوالموق,ادلجسهلاورخوزعل,يفخللمحتلمحذينيح,نوزنكوتمتنوكاماوقوذفمكسف,ديعبللضيفمهفص,زعوميفهنب,نيربدوممتيولومثاهتعس,هدمحبدعورل,ويةمايقلء,نوتحنوتولابجب,يلهناهتاياببذكواابلذكهلل,اجنوء,ايلبارادلبزليوسل,جوعلء,نيعمجوامكلهوابينوتاواريصبتاييباهجووىلعهوق,تايلكلذيفناميحرل,ذاىسومىلاانيوحواواممااطابسواةرشعيتنث,مثكتفرعم,اذهلوعجء,نممكاشنواوههريوغهلانممكلامهلل,نيذلاوادلوهانيوجنميمرلاكهتولعج,سريكلذ,نورفاكمهواوتامومهسجورىلااسلجورمهتودازفضرممهبولقيفنيذل,يرفواهعناوم,مهلبوقنمتلخدوقوةنسحلء,نولهاجمتنواذواهل,ناملعوتملاىلاع,ىبايولاق,زنواامدودحاوملعويلاردجواوىرحء,ماعنولواكوامهبولق,مكبواامهدحانيولجرلثم,مهسسحتف,اذعفاخنملةليلكلذيفنء,ههنايبرمكلرفغوتسوافوسمهتباجل,نيدوىدهلوابهلوسرلسرايذل,مويلواوهللابنمووينمبارعولء,ورسويلفةافاكمل,امسوايفيننولداجتابضغوسجورمكبرنممكيولععقودوقلاق,نوعمجواسيلبوادونجونوواغلاومهاهيفاوبكبوكفىلاع,تنواكناةلمحوركنودلنمانلبوهوانتيود,اهاضقبوق,ديدشباذعنمنيرفاكلولليووولاقف,يلفمهنع,هيفبيورلللجامهللعجودق,نوقداصلاناولزهلاب,تسجبنوافهبرضف,رسدوحاولواتاذىلعهانلمح,امعنلاسوتلوء,نويوةلصل,نوعنتمتف,مهاذااهنوماوطعويملنواواوضراهنوماوطعوانوافتاقدصل,مهلواسء,مهدعوبنمنيذلاواهطسب,مكنوملف,ميلاباذعمكذخايفهريغ,اممهملسء,يساوراهيفلعجوعدوء,نيبذاكمكنظنلوبلضوفنمانيولعمكلىرنامويارل,ياطنعفعوننواهلوق,مكيولعنوصق,ركوذبلاهلل,يرباناويبذ,ةليلكلذيفناانلسحاقلزورواركسهنومنوذختتبانعولواوليخنل,دوروملء,شواهدسافم,مكنوعرضل,مهيولعتدعبنكلوكوعبتلادلصاقارف,.اوميقيلانبرءام,وايلسم,دجاسماورمعينانيكرشمللناكام,انقورغواواهب,اهياايناهربل,اوتاواهقوقحب,مويمهنيوبمكحويلكبرناوهيفاوف,مكينغويفوسفةلليوعمتفء,زنواام,هيولااوبوتمثمكنم,يولصوينواهبهلل,انلعجاموسانلابطاحاكبرناكلانلقذء,عكلوتاهلظومياداهلكاراهنول,عناكفيوكفباذعل,اولاقنيدجاسةرحسل,تمكحوامير,مهارتوهلوق,امشحفل,يلقلاةرخلء,اقاهنودبع,يلوفكلذبفهتمحوربوهلل,ملوعوذلهناوهنع,هلوضرلاوتاوامسل,اةيابيتاينوالوسرلناكاموةليرذواجلاوزوامهلانلوعجوكلبوقنمللسرانلوسرادوق,دومثتدعبامكنيدوملادلعوبلااهيفاونغويملنوء,خوتسويلمهرودصنونثويمهنالء,نمتنوككناكبنوذليرفغوتسواواذهنعضرعوافس,مهباتكنوء,نيرشاحنيادملء,هلللبىتومل,ديشرلجرمكنومسيولايفيوضيفينوزخوتلوهلل,ناشيفنوكتامولاقف,نكلومهبولقنيوبتفء,رثكواىبافلثملكنمنارق,مكحويهللاولاق,ديدجقلوخبتايومكبوهذوياشينواقحلوابضرلواوتاوامسل,رشواامنانولوقتف,غويسةملظ,اذهوناسلل,رشناىلاع,نوعيطتسويلوايليوشضرلواوتاوامسل,ةطيحملمنهجناوهلوقب,يفمكيولعلعجامواهاتء,زناممكوابء,نكلوينارتنللاقكيولارظنواينرابرلاقهبرهملكوانتاق,تانيبلوابمهلسرمهتوتء,هلاهلالنواوضراعمل,يلواوتاريوخل,كاورينواوحيبقل,عبتاومهنومانيوجنوء,هسارنمريوطل,ييارسواينبكعمنلسرنلوكلننموونلزجورل,انيولعوقلخلل,حورنمسييويلهناهحور,زيزعبانيولعتنوااموكانمجرلكتليبق,ةمعوناوركذواوىلاع,نيبمودعناسنولول,يدابعيوب,يفركوممهلاذالاق,رملنوجرمنورخء,عيسفء,تلونيقفانمل,لرفغوتسواسكيولعملسهل,نمناكاموافل,يعلقواء,مهلامعواتطبحكيلوالاق,.اهنيج,اهنولصيمنهج,نودنمنوعدوتمتنوكامنيوااباتع,امحنملاصلوصنمهتقء,ضعوبهطوقتلوينء,هيولعهللابلايقيفوتاموتعوطتسء,نمبضغمهيولعفاردوص,ييدابعللقولاقف,اذهكتيارالاق,ةللبوقمكتويباولعجواواهيف,مللامعلاب,دغلوابليبس,اذااهنوفرعيمهلعلمهلاحريفمهتعاضباولعج,نيرتمملء,نمهانيوع,لذهايالااودبعوتلارمايذل,دومثنالااهيفاونغويملنوء,ةبقاعناكفيء,رشبواك,هذلوق,ميلاباذعانممهسميمثايندل,دراطباناامومهل,ةنيببانتيوجامدوهايهلوقل,مهبيرجوتيهولاقف,.مهتاييهل,مهلانيلمتمسقوانيذل,ارمخهبريقسويفنجسل,يخمهنومسجواومهركنةفايضل,نمفةنطاب,ضيغتاموىثنوالكوعويهلل,رفغويمكمولء,ناواهعدوتس,اموقاوناكواهونقيتس,رشبيورومل,مهنابكلذلاقف,ىلعنوكحضويراف,مهلكيلواونورشبتسم,يخواعلرضتكسفء,واكنذاتسء,داعدعوبنممكبلاطم,يشلكىلعيبرنء,هلفاوعدوتامايامتيش,دنوعدهعنيكرشوملولنوكيفيء,نوايملاظةكيلمل,هللفةزعلء,نويلواهنوكسم,افاذهيصيمق,غاميلحناكهنامهحيبسوتنوهق,تلنكلولاقمل,نوركذتلفافصول,خلوهيفعيوبلم,اناانليوواياولاقنولاسوتمكلعلمكنكاسموهيفمتفورتواامىلااوعجراواوضكرتلنوضكر,ىدحوالاانبنوصبرتلهلق,نيتميديوكنامهليلمء,نوملاظلهلحر,خرشبلدجسولنكلاقنيدجاسل,هللابكورشوينمهناىلاع,نيملسوملولىرشوبوةلمحوروىدلهوء,ريوغفاابلصاونيدل,مهكوراشوهلاعفء,اميركللوقامهللوقوانشخ,يشلكىلعوهومكعجرمهلل,يساطلولاوتء,نالاثمل,يواتنمهملعنل,اجىتحقحل,ةلدعهلاودعلجورخل,مهيكزتوةليذرل,عاتملاةرخلء,ناطلسنممكيولعيلناكاموةلطابل,نولجعوتسوتهبمتنوكدوقوةقشمل,ميلعميكحهناهيلء,ىلعاملوعء,هيلمونوعرفىلاامهانثعب,نمينرصنوينمفةلمحورهنوميناتاويبرنمةنيبىلعتنوكنوامتيواراموقايلاق,ناربكول,نودبعويوىلاع,نواومهلاوماباودهاجينوارخل,نوملعويلمهفمهبولقىلع,نورزيامء,نوهمعويمهتركوسيفلمهناكرمعلملس,اذعمكذخايفء,انلوزننحونانء,مهنوملعوتلمهنودنمنيرخاومكوادعء,مكنوماونمء,اسابلوابهلل,سانللغلباذههحدم,ختسوتاتلويبرب,امبهنويبنتموامهومسلوقء,متيضراضرل,ىلاعجرايلعلتاسبايرخء,اونكوووق,ناكدهعلء,يفةنتوفنكعفء,ىلايدهينممكياكرشنملهلق,حهيولعادلعووىلبتومينمهلل,ريوخوهويخء,نينموومب,نوبسكوتىلء,عوضكانقوذلاذلاهلوقب,مهرثكوانكلوليزج,انادهنالوليدتهنلانكام,نودوعتمكادب,يكومهيولعكانلوسراامومكبوذعياشينواوامكمحرياشينوامكبملعوامكبر,ديريامللاعفكبرنااهيف,مهانولبومهسفنل,اطعناكاموهناسحء,مهنيوبنذومنذافباذعلل,حورهلزنلوقلاقف,رشبيوموقايهيتلليدهينارق,صنلوامظمهبيصيلهلل,نااوملعواوةلفاكمكنولتاق,اجذوالييارسواينبلواسوافكلذ,اسوافحيحص,اوناكامدحلل,توناميل,هلوسربوهللاب,يلاىحوياملاعبتانواءيش,هلضوفلضوفيذ,يلواواهلجء,ىلاوعدواهل,نيبذاكمتنوكنوالعفل,ىلعاودرمةنيدملء,نافرجض,دحامكنومتفتليلومهرابدواعوبتاوكارسم,دنوعام,جرخومهلل,نوحصانلهلانء,امباهومتثروء,مهلفعاضيء,نيحىلااعلاتمواثلاثااهراعشواواهرابواواهفاوصانمومكتماقامويومكنعوظ,انقوذااذاوىلاع,امونمء,نوذووينيذل,مكرمااوعمجوافددعل,يفومهلامعوء,نواديرااموانلسحاقلزورهنومينقزرويبرنمةنيبىلعتنوكنوامتيواراموقايلاق,دامركمهلامعوامهبرباورف,ددعاوملعوتللزانمهردقوارونرمق,ىلعاهماعط,اوعزانتلولاوحل,ضوفنمكلذةدابعل,ممكيولعربكناكنواموقايهموق,نوركشويلمهرثكوء,يفمتعوزانتلومتلشف,وسرةيضامل,نوكرشويامعىلاعتوهناحبوسبيرق,يزجونكلذكوشاوغمهقوفنموداهممنهجنممهل,مهدروافةمايقلء,منهجرانيفمهلاومء,اوريىتحاونمويلفمهبولقىلعددشاومهلاوماىلعسمط,حيلهناةليفء,وهانبراولاقمهء,هرتةربغاهيولعذيمويهوجووةرشبوتسوم,يتفنوملظويلومهرسيو,مهورذق,اقنولسرملء,يلقايليوشمهيولانك,نولهاجمتنواذواهيخاوفسويبمتلعفاممتملعلهلاق,فاجعتارقبل,مهلخدويسةكربل,ةدودعومةماىلاباذعل,نيوبلوحيهلل,ىريسفاولمعء,.ناكفيوكرظنوافناهربل,هبرنمةنيبىلعناكنمفالاقف,ناايليوشملوعدعوبملعويليكلرمعلء,ضيوييب,ااودبعوتلنوالجل,مويلاللدتسل,ااندورانوانف,امهيولاووعدواهيولاهبكرشالوهلل,نكلذكةمايقلء,عمعونف,اروسيومللوقمهللوق,احصامهنامهل,ريوخبمكارايناطسقلاب,نوامكلتلوسلبمهل,متركشنيلدع,ةلبيطةلملكللثمهلل,هناحبوستانبلء,نااوملعوافةعاضل,وااناوكيولاتبوتكناحبوسلاققافااملفاقل,اجاذافلوسرةمالكل,نيعوامهلوةجحل,قانعولء,نملوسرينانوعرفايناميل,اموهدابعنمء,حلاصلمع,هللاوليمجربوصفارمامكسف,عويسفء,ىفويام,اودوعينواوميارجل,تاذاممهيولعاولبقواواولاق,اهيااياولاقهيولعاولخداملف,نلاسونلومهيولالسرانيذل,ينبيعملوسرافمكبرنمةنيببمكتيوجدوققحلء,نيذللتيولمافيذوء,ةرفغوممهلنيقفانمل,اولكولاق,امسوالاهنودنمنودبعوتام,عكلوتاضيء,مكحويىتحاوربصاف,اسوافكيولاانلوزنوااممكشيفتنوكنواف,يفيلوتنواضرلاوتاوامسل,اوماومادخلاو,يفاهعرفوتباثاهلصاةبيطةرجشكةبيطةملكلثمهلل,ريبكرجواوروذحم,وافمهسف,ةرخلواواينودل,نوطخسويمهاذااهنوماوطعويملنواواوضراهنوماوطعوانواف,يلقلاكفلخنوثبلويلاذلاواهنومكوجرخويلضرل,نيلفاغاهنوع,هبرهملكوباتكل,اجلوقوهلوق,ينممهنومفةروستلزنوااماذء,وقولاق,امكتوعودتبيجادوقىلاع,ىلعوريكذتل,سنملمعونانكام,امويناطعء,اهداسكنوشخء,رفغوينلمهلرفغوتسوتملموء,وخمهدعوبنمفلخف,.مهجاوزواومهيابء,مهقوفلبجلء,نابمهسفناب,نونلعويامونورسيامملعويهلل,احصاىدانولاقف,عمنكتلوانعمبوكر,لذهيولاانيوضقونوهج,اذهنعضرعوافسويفسويل,انقورغوامثنيعمجوء,تيومرذواتيومراموهركذ,رتملامهرمء,ادلصاقارف,ةيصاعتم,ازجتاييسل,اهلهوااهنوماوجرخوتلةنيدمل,تلينبايهوبء,نودحجويانتاياباوناكامواذ,نولكاتامملليلقلاهلبنوسيفهورذفمتدوصحامفابلادنينسعبوسنوعرزوتلاق,اهنوماوجرخوتلةنيدملء,نوامكلتلوسلوبلاق,مهدعومنامهباصااماهبيصمهناكتارم,ةرضونمههوجويففرعوتمهنع,وقلاقف,عماونوكينواباوضر,يتانانااوريملوانيبذكملل,اهتحوتيرجوتتانجمهلدعاوهنوعاوضر,ذيمويبونذل,ناىلبء,مهبرىلعوناميل,نيازخيدنوعمكللوقال,تتلومكرذنويلهلوق,نونلعوتامونورستامملعويهلل,يغوبلواوركنوملواوء,نوعجرتهيولاوكلذ,امهلكواامهدحاربكل,اروطسومباتكلء,اذهلاناد,ميرككلملااذهنواارشب,مكنوعىنغواامثيغم,ههنااههر,نيذلاواد,مكمحرينوامكبرىسع,مهرودصنونثويمهنء,نمانوكتواةكيلمل,ناوةنيب,نممهجرخوياونمء,يكومهيولعكانلوسرء,يفلاعلنوعرفناومهنيد,تلهديعب,زوجسيلبء,طسوقلوابتابحتسم,هلودبوااذهريوغنارق,اوناكوهلل,نارقوليولل,حورهلزنلوق,ىلعموامكلنذاهللاء,رثكوانكلوبلاغم,ىلاكبريحويذوء,برةملكمهيولعتق,مكلرخسومكل,مهيولعنوكتمثاهنوق,نوكتنوامكنيوبلخدمكناميوانوذختتاثاكناةوقدعبنماهلزغتضق,ثبلامفةيبرعل,انبرناحبوسنولوق,نوانوكلهيمكعمانجورخلانعوطتسء,نينمووملولةليلكلذيفنارايدل,يطعوااذء,ينايبرينملعاممامكلذامكيتاينوالبوقهليواتبامكتابنلاهناقزرتماعطامكيتايللاق,اريذنوارشبملاكانلوسراامولزنقحلابوهانلزنواقحلاب,اروصنومناكهنء,مهلكضرلء,مهلتاقلبقنماورف,بردنوعنيذل,غلاهدعوبنمكبرنااوربصواودهاجمثاونتفامدعوبنماورجاهنيذللكبرنامث,انلاطلوسهبلوزنيملامهللاباوكرشوتنواودابعل,مهتنسلافصتةميظعل,نيليلعتمركيذل,نوملعويلمهرثكوء,اهعدوتسومواهرق,اماعهنولحياورف,قدوصجرخومينجورخواوقدوصلخدومينلخدوابرلقوهلوق,نوتاتلمكناهلوقب,اوبوتيلاهل,اذاىتحليوط,ينبنمكبرذخاذواوىلاع,يشلكلليصفء,زنوكهيولعلزنوالولاولوق,ناكيولاانيوحوامث,رثكوانكلولياضفل,قيوضيفكتلواييش,هللاومهلنكسكتلصنامهيولعلصواهبمهيكزتومهرهطتةلقدصمهلاومانمذوخ,نودحجويانتاياباوناكاموءازج,يفمكدازونء,امكوادغ,تفطسوبلء,ىفوتيذاىرتول,اذهبناطلوس,ىلاعتوهناحبوس,نيذللنيزلوبلوق,مكوضريلمكلهللابنوف,مكلنمووننلاورذتعوتلمهل,نذوابلاناطلوسبمكيتاننواانلن,اماوضرمهناولو,امىلعنربصنلونورظن,مهبولقتباتراورخلء,ميلاباذعمهلوهلل,نويزهتسويهباوناكاملزن,نولنوكمهناف,نوركشوتمكلعل,نوثكنويمهاذاتقوم,انلرفغويولامعل,يدامج1344,اولمعواوربصنيذل,دهشواينامكبرويبرهلل,نااوملعتلنهنيب,حيلهناىلاع,.لواييش,نمناوضوروندوعتانجيف,اقةريبكل,هيخاوفسوينماوسسحتفاوبهذء,نكلومكلثم,يفةنتوفنكتنينمومل,ةليلكلذيفنااهتومدعوبضرلء,ورعوملوابنورمايةرصنل,يولعامنافهتايء,يواتنسحواوهمدع,اموهنء,احللاصبسنل,نيربدوممتيولومثتبحرامبضرلء,ىلعوانومتيوذء,نكبطوخاملاق,تبحرامبضرلء,ناجمكبفسخوينوامتنومافء,يوهدابع,نورهاقمهقوفاناولامعل,هيبلفسويلاقذواىلاع,مثدحانممكاريلوهضعوبىلامهضعوبرظنةروستلزنوااماذء,نمتنوكنواباذعل,مهدراواولسراف,اوريىتحاونموويلفاهسق,اوسنلخبل,مهلتاقنلطبل,حلواواملسومينفوتةرخل,اعلرشمهتبوسمويمهناتيحمهيتء,يرباناولمعوااممنوييربمتنوامكلمعمكلويلمعيللق,رحوبلواوةيربل,وهموقايلاقتاييسل,يفهومتركمركوملاذهنامكلنذء,نوبسكوتمتنوكامبلانوزجوتلوهدلوخلء,اولمعنيذلاولاقف,سويىلعاولخد,هافءامل,ابلصاحمكيولعلسريواربل,ةييسمهبوصتنواواهيلع,دوقاورذتعء,ةيرقنمانكولهواام,ينومولتلفةروصل,اعليمجةزعلء,نوجرخوتاهنومونوتومتاهيفونويحوتاهيفلاق,مهوهللادلجسليامشلاونيميلء,ملوابملعواكبروهبنموويلنممهنوموهبنموينممهنم,يبسىدهواوهنمبملعوامكبرفهتلكاشىلعلمعيلكلق,انبرانلوكوتهلل,نيحىلامهانعوتمف,مكدعيذء,تنواضرلاوتاوامسل,دصرملكمهلاودعقواومهورصحواومهوذخ,نيذلاوابليوعشانيجنبيعش,ازجكلذواورف,ذوااوركذواونيركنمل,شنمانللهفقحلاب,نكلوسانل,نوملعوياون,هقحاكنويبنوتسويوملس,وميظعل,ناوبابلل,يفامملعويهلل,ناليولل,ديايذل,هنوعاوهنامنعاوتعاملف,ىدهلوابهلوسرلسرايذل,ايليوشمكنوعنغوتملفمكترثوكمكتوبجعواذوانيونحمويوةريثكنطاوميفهلل,نورعشويلمهوةاجف,هلنيصلخومهوعدء,نيففسوياهرسافلبوقنمهلخاقرسدوق,نوهىلعهكسميااهب,مكلتنواامارتح,لمينممواضرلاوء,مرحةعبرااهنومارهش,نيزجونلوعف,اعلوبنويضرل,ونذلارياس,مهناهربوقىلعمق,ميلاباذعوءاعمل,مدلاوةديدش,ناكوريوخلوابهء,نيلياسللةنسحل,تربكواوتاجردربكواةرخللواهب,نامانبء,اتلويبرصمبامكموق,هكلذوهبمتعويابيذل,صناهيفمهسميل,قلخموييردقل,تلبزهل,نواانلناكامهلوقب,تضيبواوةدمل,شوكنوكلميلف,نيباولولن,قحلوابضرلواوتاوامسل,مهتنسلافصتونوهركيامهللنولعجء,اهيااييء,هقحاداشرتسل,ةللضيبسيولموق,قلوخيفلانياابلارتانكاذيامهلوق,هنوعفرصنلكلذكهبرناهربىارنوالولاهبمهوهلوقل,دنوعةلجردمظعواسفنلاب,نوظفاحلهلاناوركوذل,دجاسمرمعويامنء,نمفلاقف,اوعبتاففرعل,ناملعهبكلسيولامفقء,اريصنانيولع,ملوعبلزنواامنااوملعوافمكلذ,نمهباوبذكامباونموويلاوناكامفتانيبلوابمهوء,اوضرءلوهف,امذوخفنيلسرمل,يفكنودقاعتم,زنافانعمهلل,طسوقلوابيبررمالوقلاقف,ديعببنيملاظل,يكيلوافهنيميبهباتكيتوانمفمهمامابسانالكاوعدونم,نيملسوممتنوكنوااولكوتهيولعفهللابمتنومء,هللشاحنلوقونهعم,نهيديواشهدل,نمانيذواهتيذء,انتيوتء,ىلعتبوسل,نوهراكاهلمتنواواهومكمزلنء,نواانملظانبرلاق,هنوعمكاهنواام,اوعدمهبطيحامهنااونظوناكملكنمجومل,متدوصحامفتاعباتتم,يفاورفنوتلاولاقوهلل,مماىلاانلسرادوق,مكلعلاهزي,نالوقاهبانرماهللاوانء,مهكيلوافلولضوينمويدتهملء,رجوحلء,تاييسلاوتانسحلواب,اهيفدوعننواانلنوكياموكلمل,نوعجريمهلعلمهلاحر,نوتوويونوق,اريبكارجوامهلناننسل,نوملعوتمتنواومكتانامااونوختولوسرلاوهلل,نونسومامحنملاصلوصنمناسنولء,يوكرظنوافمهلبوقنمنيذل,نيبمرحاسلاذهنانورفاكلء,رعلوابرماومهرودص,هللادلجس,ناكامفتانيبلابمهلسرمهتوتاتاكفتومل,نونموويلكبرةملكمهيولعتق,اتكلجالكلهاضق,اولوتوهباولخبلب,يرقباذع,هتنمىلع,نيعمجوامهنيوغولوضرل,ارناموةكيلمل,هذهيفناكنم,يكومكلاودجتلمثابلصاحمكيولعلسريوارب,مهبرمهيولاىحوافانتلميفندوعتلواانضرانممكنجرخونلمهلسرلاورف,مهنيوبيضقوصانم,ييارسواونبهب,هبرنذوابهل,نكلومهولتقء,ريوغلمعونفايندل,هناهنومةيرميفكتلفهدعومرانلافبازحولء,اماظعانكاذيامهلوقب,اقوهيووباهيولاىوء,اولاقوراهنولء,هيولعاندوجوامعانتفلتلانتيجااولاق,تىلعهناينوب,رذنواوملس,تيمهلعلومكبرىلء,نوثكنويمهاذاهوغلابمهلجاىلازجورل,نويزهتسوتمتنوكهلوسروهتاياوهللاباهلوق,هيباذعناومهيبنف,يفمهدنوعابلوتكومهنودجييذل,اورظتنوافهعم,ميلاباذعبانتيء,اوسخبوتلوطسوقلابنازيملاولايكمل,اذهضرعنوذخايةوشرل,يديواتبس,ىبافهيفبيورلللجء,اجنوااملف,هنكلوهيادعء,انبوانوحبذيوهلوقب,رثكوانكلوهانملعاململعوذلهناواهاضقبوق,ملعويهلل,نينمووماوناكاموانتاياباوبذكنيذل,نااوغرف,نواولكنء,امكلتنعامكهنواملاامهبرامهادانوةنجل,انيحووواننيعوابكلوف,امهتفرح,اجنواثبلامفملسلاقاملساولاقىرشبلابميهارباانلسرتء,ديريامنااهلجل,تنولكنامهمك,هيولعمكلاسوالموق,وقهب,هموقنملمهيولعرماملكوكلفل,اوربصامبلييارسواينبىلعىنسوحلء,امذوخفيملكبويتلاسربسانل,نوبذاكلمكنالوق,هلبوقنمليوط,مكسماذامثاهيف,اهنوضرتنكاسموكلذ,.امنواوهب,تايلكلذيفناراهنل,ارقوومهناذء,ارضدعوبء,نيملسومانفوتوريثكل,نلامهديزيامواوركذيلنارق,نمنوعدوتنيذل,نورشبتمبفهنم,نملمكناومعنلاق,مكثنح,قحلوليدهيهدح,نورفغوتسويمهومهبذعمهلل,وناطلوسمهيولعكلسيوليدابعنء,مهلانيلمتمسقانيذل,هجرخواذواهلل,دهعباوفواولاقف,نيلهقاثيم,يفواينانورتلالاقف,هنافنيحلاصاونوكتنامكسوف,فاوسق,مكلذيفومكء,كاورينواوقحلء,دهعباورتشء,سمهموسينمةمايقلء,نومحرتمكلعلاوتصنواوهلاوعمتسوافنارق,نوامكلتلوسلبلاقبذكمدبهصيمقىلعاوء,نلولفةلفاكاورفنويلنونمووملء,نموناميلء,صافالاقف,تخوتهيفهلوق,انلوزنوهلوق,اودجسفمهبر,نوتايلوهلوسربوهللاباورف,ميحريصاعمل,ميظعباذعمتذوخااميفمكسملقبسهلل,حلاصريوغلمعهنامهياجناب,يضقهسار,ةليفمتيقلاذااونمء,قيدصتهلزنء,اذهضرعنوذخايباتكل,اديرانواهكرتل,لعلفنيبذكمل,ىلعولء,امهلكواامهدحء,نيعمجوامكادهل,.نواوكلذ,يكوبمكيولعاناامواهيولعلضيامناف,اروبثوم,نوملعويلثيوحنممهجردوتسونسانتاياباوبذكنيذل,متيضرااهيف,هبمتيوجامىسوملاقىعس,ملعوالوهلل,رماىتاهعوقول,سريوهتوطس,ولاولاقةيابمهتاتملاذء,قشبلاهيغلاباون,يففورسء,دريلوء,رفغويمويل,هبرهلباجتسواف,ةيرميفكتلفاهيلء,نوملعويلموق,نوملعوتلنكلوفعوضلكللاقرانل,ارضدعبنمةمحرسانل,ميكحميلعهللاومهنومنكمافلبوقنمهلل,ناواورج,ذاعمكلذ,مكيولعملسنوامهود,مهلندعقولينتيووغواامبفهلل,اوتبثوافمكلتاق,انامهلسرل,نيعمجوامهنم,يفمهانقورغواف,مكواباومتنوء,اوناكنكلومهيلع,نوبسكوياوناكامبمهانذوخافاو,متلوعجدوقواهديكوتدعوبناميولء,نلكولبوتكل,ايلداونوعطقء,مهبرنذوابهلوق,هللاومنهجرانيفهبراهنوافمادهنلل,سوسمينوء,اراسخلاىلء,تاوابليطلللحمتمنغامماولكف,مثةلمغمكيولعمكرمانكيلمثمكء,اهلوسردنوعوهلل,يدابانلذارء,يلموقمهنابمهبولق,ميقتسومطارصىلاء,ةبصعنحونوبيوذل,مكتوقىلاةلوقمكدوزيواهريخ,وجعناسنول,راهنلاببراسوليوللابفخوتسوموهنموهبرهجنمولوق,اهيولعنورداقمهنااهلهوانظ,نهيتانبء,ايلاقهلل,وامهيبء,عناكفيوكفمهتذوخامثاورف,مهنيبنتلةجرحل,نولقعوتلفاينظ,راهنلاوهيف,نبسحوتلفىلاع,.مكرابخوانمهلل,يزجونكلذكواملوعوامكوحهانيوتء,لذكامهديادش,اروحدومامومذوماهباذع,اوبلغن,اوربكوتسوافىلاع,ضوفنمانيولعمكلىرناموليوط,نونموويلمهفاورف,ديريومهديدانص,يشغويدابعل,اهيولعقحفاهيفاوق,تبثيورادقل,نااوبوتيلمهيولعباتمثهيولالاهلل,اجاملفهيلء,يلقعاتمهناف,.كلادج,ىلععبطونوهلوق,ىلعلوهفةيسحل,تقاضواريث,عضوتسوياون,وانلسر,نيذلافلاقث,نوملعوتمتنوكنواةليازل,عمنوكتلاكلامسيلبء,زنوامث,نوافىلاع,.ةوسونل,يدابعللوق,نبسحوتلف,مهبونذباوفرتعء,جرخوينموراصبولواوعمسل,نانوزحوتلهقلق,صحصحنلء,نونموويانتايابمهنيذلاوةاكزل,نوكفووتىنافكلذ,يفينبوطاختلوهلوق,اومانولكايلنابهورلاورابحول,امبكلذ,راننممدء,هبرهابتجء,نااوملعوافاولوتنوء,يزوخنموانمةمحوربهعماونمء,مهلنذوويلبارعولء,اوعدذينيح,.تلبنسل,اشننمانتمحورببيصنء,مكبرنمةنيبمكتوء,ممااهلبوقنمتلخدوقةمايفىدهل,تنلوادلبايعماوجرخوتنل,قيدصتنكلوهلل,ضعوبكارتعء,اهنوكرتتف,اوسىلعمهنيب,نيدومباحصاوميهاربواموقودومثوداعوحونموقمهلبوقنمنيذل,دوقبر,يشلاذهنااخليوشيلعوباذهوزوجعاناودلاااتليووايتلاق,ةرفغوموذلكبرناوتلثملء,اخليوشيلعوباذهوزوجعاناودلااىتليووايتلاق,بركيبتجويكلذكولاق,ذخايوردق,موقوايهيتلليدهيهنء,نيذللايندل,ماهدنوعولاق,نممهنوعينغويلعفل,يلموقمهناباورف,نيبمرحوسلااذهنوء,تنوكاموكنء,نولهجوتموقمكناىسوم,هقاثيمدعوبنمهلل,هيولعلزنالولاورف,قورسوينوامهلوق,اشنواهلوق,نمنوكتوااضلرحنوكتىتحفسويركذوتاتفء,نغزنوياماوىلاع,يواتنمكملعيوكبركيبتجويكلذكوفس,دهينمللضل,خدواولاقف,نينمووممتنوكنواادج,ازجامتلاقبابل,يغبلايف,هايااهدع,اذهيفسانللانفرصدق,يبننمةيرقيفانلوسرااموىلاع,اهبرنذوابنيحلكاهترمث,احللاصادل,هركوتتنوافااعليمجمهلكضرلء,نوركذتمكلعلمكظع,اشولوةرياجل,املفمكلراجيناوسانل,طايخلء,نعاودصومهركوماورف,ادلاصراواوفلتخ,اشنولانعمسدقاولاقانتايء,اريهظضعوبلمهضعوبناكولوهلثومبنوتايلنارق,رونلاوتاملظل,ناومهنكل,هلنيصلخومهلل,متنوكنوامكلريوخمكلذهلل,يولعامناف,يفللاوماوةلنيزهلمونوعرفتيوتء,مكلناكدوقىلاع,فابليصنماعنولواوثرحل,نيكسوملواوةنمزل,راننمينتقء,ناجرفلل,اوعتمتادعوتم,ميركقزوروةرفغوممهلاق,نودتهممهنانوبسحويونارسخل,نمدوقهلوقل,ىلااودرورشف,اميلاابلاذعمكبوذعياورفنوتلالاقف,هلكافانعاتمدنوعفسويانكرتوقبتسونانبوهذاناانابااياولاق,نينموومبمهناميء,نونموومهبلسراامب,ايليوشسانل,نيضرعوماهنوعاوناكف,يباتكنيب,هلدرملفهناف,.لاقكلذل,نوبلغويمثلذ,ميكحميلعهللاونايصعل,نيوجوزاهيفلعجتارمثل,ريشبوريذنهنوممكلينناهلل,مكعجرمانيولامثمغرلاب,مكنيوبوينيوبادليهشهللابىف,.مهليت,ديشربنوعرفرماامونوعرفرمء,مكلعلةييانتمل,وذخومامومذومدعقء,اسلانيكرشمل,ناونوصاهضعب,يشلكانبرعسوانبرهلل,علوقلخامبهلالكبهذلاذلاهلانمهعمناكامودلونمهلل,مهللحيوركنوملء,هنامكيلء,مرحامنومرحيلومهلامعء,نينمووماوناكاموانتاياباوبذ,ريوخهللاوهلل,ايحواريوغتاومء,رطافهلل,ملاعىلانودرتمثهلوسرومكلمعهلل,يلمهتيواررمق,قاولوبوبحمل,اونموويلاوناكاموتانيبلوابمهلسرمهتوء,يفملعويلامبهلل,يلفصاعموييفحيرل,ىذلااهعبتويةقدصنمريوخةرفغوموفورعوملوقىلاع,مهنومقيرفبولقغيزيداكامدعوبنمكلذب,ايليوشهنورضتلومكريوغاموقيبرفلخوتسويومكيولاهبتلوسرااممكتغولبوادوق,اهديكوتدعوبناميولء,حونوتوقل,بوقنمينومتكورشواامبترف,بوقنمهلوسروهلل,يبسيفةصمخوملوةقشم,نوملعوتلامقلخويوةلنيزواهوبكرتلريمحلواولاغبلواوليوخلء,يثبوكشواامنابوقع,غوهسفء,.ثيوحاوضماواوعرسء,تاممهنومدحاىلعلصتلوىلاع,نوربعوتايوورللمتنوكنوادح,نممكيديوء,نوبذاكلمهناملعويهللاومهسف,نورفاكمهةرخلوابمهوهللاب,نولقعوتلفااوق,ىسومنيكلهمل,انابندوقهلوق,ضراايهعم,غويهل,يدهتتنوافاكيولارظنوينممهنوم,مهرجوامهنيزجونلوةلبيطةلايحهنييحونلفنموموهوىثناواركذنماحلاصلمعنم,مهمحريسكيلواماودل,ىبايولصء,عمناسنلل,يفدهاجورخلء,ماياةتسيفضرل,غوتسوامهيولعء,هوانممهيولايحونلاجرلاكلبوقنمانلسراام,نوملعوتلمتنواوملعويهلل,نمننوكنلانلرفغويوانبرانمحريملنيلاولاقاولضدوقمهنااوارومهيديوايفطقسامل,تانمووملواونونمووملواولاقف,وااوبلغويةياممكنومنكينوء,نوضرعوماهنوعمهوهلل,ريبخهتمكح,متاطاوتف,نويزهتسويهباوناكاممهبقاحواولمعامتاييسمهباصاف,نوملظويلمهوطسوقلوابمهنيوبيضق,اكرشومكرمااوعمجافتلكوتهلل,بءاجنل,ايليوشنوملعوتلمكتاهمانوطبنممكجرخواثيح,مهبايثنوشغوتسوينيحلانظل,يوهلهء,جرخونكلذكهلوق,متدوهاعنيذل,ادلادنواهللاولعج,مكبيصينوايتقاشم,اوضحدتل,احصارانل,رمهنملاب,نورشحوتهيولاهناوكتعاط,يضقاملمهنم,نممملظء,مويىلاينترخانيليلعتمركيذل,رمهبهنامهيولعباتمثمهنومقيرفبولقغيزيد,دنوعامناءافول,ناايليوشملوعدعوبملعويليكل,عفامبانكلهتفامهدعوبنمةليرذانكولبوقنمانوابء,مهنومفهنذاب,نوعرضيمهلعلمهسوف,نيعمجوامكادهلء,يوغلولانكاموانملعامبلااندوهشاموقرسكنبء,يوخوتلاتايلوابلسرنام,ةمالكلوىلاع,نماونوكينواكيلواىسعفاهلهء,نوضرعوماهنوعمهواهيولعنورميضرلواوتاوامسل,بردنوعةلموسم,امافةعقاول,نهليو,نيزجعومبمتنوااموء,نولمعوتامبيبرناايرهظمكء,ميقتسوميلعطارصاذهىلاع,دنوعنيكرشمل,ريوغفء,نمنكوكتيوتء,مكلبوقنمنيذل,انلثوم,نيزجعومبمتنوااموقحلهنايبرويالقوهقحاكنويبنتس,مثمش,دنوعمتدوهاعنيذل,ىلاينزوحويثبوكشاامنالاق,نولمعوياوناكاملطبوقحلء,مكللعجواييشنوملعتلمكتاهمانوطبنممكجرخاهلل,غنممهرودصيفامانعوزنوتاردكمل,اونسحوانيذللاهب,يعضانيفكارنلاناولوق,يفامهذوانيونثء,رذنانامهنملجرىلاانيحواناابجعسانللناكء,ديعوفاخ,ارضدعوبنمةلمحورسانل,مرحامةدعاويطاويلاماعهنومرح,اعلوشخنارقل,نوركشويلسانل,مثاهنورتدمعريوغبتاوامسل,ملظويلهلل,ىلعلكوتنلاانلام,مياقاهنومنينموملل,اقوماركل,اكرشهللاولعجولاق,هيفنوف,هباورذنويلودابعل,اريثكمهكاراولوليلقكمانميفهلل,ريوغلمعونفدرنواانلاوعف,مكلاوبيجتسويملنواف,ديدشميلاهذخواناةملاظيهوىرق,نوامكلتلوسلبهلكء,نورهاقمهقوفاناومهء,رضويكلذكضرل,اعلمطوافلوخقربلء,نمةلديفوالوعجواف,اممكشيفلانناوانوابء,مهلولءاسورل,دنوعتابرققفنويامذختيورخلء,مكعمينااورظتنوافلوقنيرخل,نولمعوياوناكاملطابواهيفاوعنصامطبحورانل,نوركمتامنوبتكويانلسرنء,عونوريص,يولاانلوزنواوىلاع,هللاومدنل,وقهقلتخ,ينارتفوسفهل,نوملعويفوسفةرخل,بوقنمهانقء,ةمعوناودعتنواونيدل,مكلرخسومكرامث,طيحممويباذعمكيولعفاخايناوريوخبمكاراينانازيمل,يبسنعمتدودص,ةقانهذهمكبر,متنوكامومكعمجمكنوعىنغوااماولاقمهاميسبمهنوفرعويلاجرفارعول,تىلعهناينوبسسانمفء,يبسلضاوىمعواةرخ,يومهعف,يبرةمحورنيازخنوكولق,نااوملعواوةلظلغمكيفاودجيلوراف,ريعبليوكدادزون,انوتياف,عمنمممماىلعوكيولعتاكربوانمملسبطبهء,دعهبنوبهرتهلوق,هركوتتنوافانيرف,رثكوااموملس,مكنوماودهاجنيذل,صاعحيراهتوء,لذادلبااهيفنيدلاخراهنول,وهللادلبوعنوكينواحيسمل,هوااولاسوافمهسفنء,فانلاطلوسهيلولانلوعجدوق,مهيولعفوخلهلل,ةنعوللامهبرىلعاوبذكنيذل,تتلفالوق,ديصحومياقاهنومكيولعهصق,نمينرصنوينمف,منهجمهاواموييسل,يذىلااوغتبولاذلامهيارتف,هلاناواولاقف,نحوننوكننوااماوكعم,دوضنومليجسنمةلراجحاهيولعانرطماواهلفاساهيلاعانلعجانرماء,اوملعواولاقف,زنواامبنوحرفء,ايلوامهضعوباورف,مكخرصمباناامباقعل,يبرلوقوةمحورل,يفهوع,اوماومكتريشعومكجاوزواومكناوخواومكوانبواومكوابء,امهملعويلمهدعوبنمنيذلاودومثوداعوحونموقمكلبوقنمنيذل,نمنوكيلوننجسويلهرمء,رنملوسرينكلوةللضيبسيولموقايلاق,نورفاكمهةرخلوابمهوهللابنونموويلموقةلمتكور,سنمموق,يامعىلاعتوهناحبوس,نيرصاننممهلامولضينميدهيلهلل,.لكنمجوملء,يفمهانقورغوافمهنومانمق,ريصنلوىلء,اهورتملادلونجلزنواودابعل,قلوخلواانادبامكاديدج,يفهناوةلنسحاينودل,داعكل,مهركوماورف,دبعوالفلاق,يفمكوودعضعوبلمكضعوباوطب,سوابكورلاوىوصق,يلوافاهل,ازجكلذواهيفنيودلاخرانل,تاهقح,روكشرابصلكلدابعل,نمليولهدبوعبىرسوايذل,يفهسديموانوهىلعهكسمياهبرشبامء,هموقونوعرفعنصيناكامانرمدونيقتملولةبقاعلء,عاتممكسف,يناثجرخ,هللابنموويهنع,ليبسنعاولضيلانبر,نمنكتلولاصلواوودغلوابلوق,نواىلعاودهش,نوملظويانتاياباوناكامبمهسف,رميهاربالاقذء,يهاذافاهاق,اونمهنودنممهلاموهلدرملفاءل,نولقعوتلفاتامرحمل,يامعهفاصوء,ناجوزةهكافلكنم,عفكلذكمهيف,اذعبمهرشبفهلل,نحوننوكننوااماويقلتنوااماىسوماياولاق,مهنومنورخسويفمهتاقدص,اروكشوممهيعوسناككيلوافنمووموهواهيعوساهلىعسوةرخلء,نحونوتيمنوييحوننحونلانء,رجوانممكتلاسامفاذ,سانللبرتقء,سكانيولعتمعزامكء,مكبررمامتلجعايدمرسل,نملزنواوضرلواوتاوامسل,اوقوذتواهتوبثدعوبمدقلزتفمكنيوبللخدمكناميوااوذختتل,نوملظويلمهوطسوقلوابمهنيوبيضقمهلوسرء,مهيلوراص,خهنومريوخانالاقكترماذوادجسوتلاكعنماملاق,نمابلابمهيولعانحوتفول,رثكوانكلوقحل,مثمهعجرمانيولافكنيفوتنوامهدعنيذل,توويومكتاف,اياممجيهب,نالقلوق,انتلميفندوعتلواانضرء,قاحسوء,نوضرعومةلفء,يشنممهتيلونممكلاماورجاهيملواونمء,متيكلذكاهوحن,نومكحويامء,مهبطيحامهنااونظون,مكانلعجمث,هلضوفنماناتء,دعوومكدعوهلل,.ةيابمهتاتملاذاواوداق,عيرسلكبرناباذعلء,امسايوكهج,نهلانم,مهلاندنوجناوداهشولء,يارن,يارمهيولثممهنوريةرفاكىرخء,نعىهنويوهلوق,ركيولانوضغنويسفهديع,مهيزخويةمايقلء,نيبمودعامكل,اعليمجهللقيلخل,نماوناكاومرجوانيذل,ميهاربوافيوضنعمهيوبن,اوحنجنواوىلاع,اهحلصادعوبيصاعمل,اهيولعاندوجواولاقةلشحافاولعفاذء,مهيتايواضرلء,نماريثكمنهجلانثثب,تكاملاانبيصينللوق,مهيتاتوامهلصاتس,دوهشوممويكلذوسانل,ابليسحكيولعمويلء,امهيريلامهسابلامهنوععزنويةنجلء,امنالوقهضعوبركنوينمبازحولء,امببوبحم,نااونموتل,برنمكيلالزناامناملعينمفء,نودنممهلناكاموضرل,مهتعماجب,امعونهانقوذانيل,مهلعلمهنم,مهتذخااملفانتاق,بوقنمهلخاقرس,دودعوملجللاهرخونام,طيحممويباذعمكيولعفاخايناومكنع,وكتلاسر,حويسلاق,تنواامنء,لحاهريغو,نوركذيمهلونوبوتيلمثنيوترمواةلرمماعلكيفنونتفء,يمللجرنيعبسهموقىسومراتخ,مهلفعاضيبابسل,اونوكيىتحسانل,رصنكلذكادلكنلاجرخويلثبخيذلاوهبرنذوابهتابنجرخويبيطل,مهنومامماضرل,ددعاوملعوتلومكبر,ىلااوق,واوسمشلاوراهنلاوليولل,ميلاباذعانممهسم,مكلاودجتلمثمترف,اولخدويل,حونابنكموق,هكبرنانسحوايهيتلابمهلداجوةنسحل,مهيزجويلمهلبتكلاايلداونوعطقء,سجورمهنامهنوعاوضرعواف,ةنستضمدوق,ادبويهناهمامتء,ةرامعوجاحلء,مهلوسرم,ىدلهمكنم,ننواواانوابء,يشنمنوء,اعليمجهعم,ةثيبخةرجشكةثيبخةملكلثمولاقف,نماعلطقمههوجوتيشغء,ناتيفلء,نوثرينيذللدهيملوء,نماجلوملنوااونظومهسف,نونزحويمهلومهيولع,يلقلامتثوبلنوانونظتودانت,ضوينموىلا,نولخدويلوء,اذهلثومباوتاينواىلعنجلواوسنولء,اناومهعم,نيملاظاوناكنيبذعمل,يلقايليوش,ظلغنس,لذنودمهنوموهدابع,انيوجنواهباوركذاماوسناملف,اهنولعفتف,نمهرابدواىلعاول,اروصقاهلوهسنمنوذختتنوغت,تلمهنم,اوعفدوافادلشورمهنوممتسونء,مكينغويفوسفةيويندل,نظامونورتفء,يفامتملظسفء,يفانلوعجدوق,ناهموقهاق,مهلاريوخكياوبوتينوافلاقف,هلاناولوتكوناناخاانعملوسرافليوكل,ريوخوهوهلل,ذاعمفس,هتيووس,.نومزاج,هنربكواهنيواراملفهياهب,نوملعويل,انلهواوانسمزيزعلء,ةظعوموقحلء,عجتارمثل,مكقلخبمتعوتمتسوافمهلامعاب,ميحرضرل,ثمكلذايندل,عدويامناىلاع,املفهعفد,مبهدنوع,ريصنلويلونمضرلء,يشلكبطاحادوقهلل,مولعوممويبرشمكلوبرشاهلهلوق,هيولعنودقويامموايلبارادلبزليوسل,نامهتبلطل,ناكامومهيفتنواومهبذعيلهلل,يلموقمهناب,اناوهاباهنوعدوارنساولاق,ةيشوخمتكوسملاذلاديب,نورماتاذامفمكناطوء,بوقتيوصعدوقوهلل,نيبمريذنلاوهنواةنجنممهبحاصباماوركف,انراىسوم,يفمهلامعواتطبح,نيمثاجمهرايديفاوحبصافمهبولق,نمكيملوهاوس,اتكيفلكاهعدوتسومواهرق,لهواونيونثء,نوردصيسف,نيبتامدعوبنمىبرقيلوااوناكولونيكرشمللاورفغتسينااونمء,دراطبانااموهلل,ويسومناكدهعل,عبوسيفانتفواقيدصل,نيذلاوابليوعشانيجنانرماء,هبتبثيومكقىلعطبريلوناطيوشل,نهيولاتلسرانهركومبتعمساملف,اريصباريبخهدابعبناكهناردقء,تنوالامهبولقيفةلبيراونبيذل,يذلامهلنيبيللاقف,يبتوتريوغمهودازاموكبررماء,هلاهلالهتمار,انابندوقبذاكل,نيركاذللىركوذعيمجل,نولقعوتلفاهلبوقنمارمعمكيفتثوبلدوق,تمباوبوانماولخدواودحاوبابنماولخدوتلينبايلاق,ناقذولولنورخيوكش,يبرناهدبعب,نوشرعوياون,هموقفختسوافهنع,مكعيوببهلل,ناكنوالوقلاقف,ممكيولعربكناكنواموقايمهل,نيبمريذنمكليناهموقىلااحلونانلوسرادوق,نمكارناناهليواتبانيوبنهنومريوطل,تيمهلعلومهيف,فاخاينامهلاتقب,نوركذيمهلعلتارمثل,مهناومهنيوبيضق,اذعفاخنملةليلتابوقعل,عنملراف,نمننوكنلاحللاصانتيوتء,نوسخبويلاهيفمهواهيفمهلامعوامهيولافوناهتنيزواينودل,يفمتنوكاذاىتحاهيلء,هبلوقوء,نويلوهلل,شاوغمهقوفنمومهتح,نورظنوتل,يففزوفل,دعوويتء,يبسنمنينسحوملء,اوبوداعدعبنمء,نمهبجرخوافءل,اممهنوعلضوهباصمل,اشولاوكرشوانيذل,ههنااهد,انعوزجاانيولعء,نيملاظلابميلعهلل,بوقنممهتكولهواتيوشولبرلاقلت,هيفاونكسوتلليولل,ياوداكويرمااوعيطاوينوعبتافنمحورل,هيودينيوبنمراهنل,يلهناياوثومنسحوايبر,رفغوينلفةلرمنيعبوسمهلرفغوتسوتنوامهلرفغوتسوتلوامهلرفغوتسء,ةركنوممهبولقةرخلوابنونموويلنيذلافةسدقمل,نمهبانتاتامهممهلطاب,تلالاقف,ناحبوسوينع,انابندوقمكلنموننلاورذتعتللقمهيلامتعجراذامكيلانورذتع,نامهتدمىلامهدهعمهيولء,مولعومباتكاهلولاباذعلل,ورعوملوابنورملء,يجسنمةلراجحمهيولعانرطماومهتنيدم,مهناومهكلهب,اشانمهببيصايباذعىلاع,نمانرماانذوخادوقكعم,قلخوينمفالاقف,ىلعلكوتنلاانلاموهيلع,يففيلخنيبطاخمل,مهتلواسنيل,نمضيفتمهنيعواواولوتهيولعمكلمحواامدجالتلقمهلمحوتلكوتااماذانيذل,نودعوتاهنم,يزجونكلذكواينابر,يديايفنمللوقيبنل,دبعويامدبعوننوااناهنوتااذهلبوقاوجرمانيفتنوكدوقحلاصاياولاق,ريصبنولمعوتامب,هللاوقاثيممهنيوبومكنيوبموقىلعلارصنل,رنمهيفبيورل,اجاذافاهلفمتاسانواومكسف,انرمااهاتااهيولعنورداقمهنااهلهوانظوتنيزاواهفرخوزضرل,نملاوف,مكحواتنواوقحل,رادلومهباصء,مثهيخاء,رشواامنااولوق,وزيزعل,نييطاخلانكنواوانيولعهلل,تعسويتمحوروهبابسل,وجنبيرقلجاىلاانرخاانبراوملظنيذل,اميقتسوافءاعدل,اولخدواوانع,شكاملفهرض,تاروماملاىلع,ريبخرش,هعمناكوللوقهلوق,اهلالضرلواوتاوامسل,ارصبومراهنلاوهلل,يتايىتحكبردوبعء,سنمهيولعانملعامهللشاحنلوق,ىلادلخواذء,هيولعلوكوتوهدوبعوافىلاع,مهملظامونورف,يفهعمنيذلاوهانيوجنوافهوبذكف,يلمهنيعوايفمكللق,نيوهلااوذ,نممكدنوعنواهلوق,وولوء,اقمهبردنوعقدوص,اسنييحوتسون,ملواونمء,يبسعبتتلوحلصاويموقيفينفء,مكبرنمرياصب,نيذلاواحللاصانيوجنانرماء,يفضعوبىلعمكضعوبلضفهلل,مسيفلمجلء,ملعوياملوبذاكل,مهلاوماىلعسمط,واوليجنولواوةاروتل,ميركقزورومهل,نواوماقمل,نورغاصمهومهيديء,.اهنولعفيف,نواومكلاوماب,ضيفتمهنيعواواولوتهيولعمكلمحواامدجالارذتعم,نويعوتانجيفنايصعل,عجويوهاد,سمكنوموسينوعرفلء,نلكولبوتمويل,يفوهتعنص,تينيذللاهبتكواسفاهنع,مكدنوعامناف,هنوماولكاتلةعونتمل,نماونوكتومكل,مرحاماولحيفهلل,يفنمهللنالء,ماياةتسيفامهقلخ,مهتقحمل,قافااملف,مهنكلومكنوممهامومكنوملمهناهللابنوف,نويكيملفىلاع,اوبواةعبوساهلهدونج,نوكتلىتحمهولتاقولاقف,نجرخونلنيفعضتسمل,تناكةليرقللثمهلل,ىلعسيولهلوقب,امهتاوسامهلتدبةرجشل,سمكنوموسيهلء,ندوعتانجيفةلبيطنكاسموللوحاهنع,نوركذتلفامهتدورطنواهلل,وياوناكامبميلاباذعوميمحنمبارشمهلاورف,ياريابف,ىلاوعدوايليبسهذهلق,ةاجزومةعاضببانيوجوانلهء,اولمعوهلوق,نوركشوتاملليلقاهبابسء,طارصىلامهبرنذوابرونل,مرحدوق,ورعوملوابمهرمايهنء,مهبعقاوهنااونظوةلظهناكمهقوف,حنممهنومولمع,مذيموينيمرجومل,اهلصيمنهج,اشنولنوااهلهوادعوبنم,هولوددراول,قزرينملوقةيهولل,.اوثعوتلوةوقل,بررمايتايوامهحاورء,يلبويلوانرادتق,هذنلوق,هبدوجهتفليولل,نيملاظاوناكلكونوعرف,خويامونلعونامويفخونامملعوتكناانبر,اودعسنيذل,حلواوتومل,امبرحوبلواوربلء,روهوتلوكوتهيولعوهلاهلالهلل,نيحىتحهننجسويلتايلء,مهيولعمكرصنويوهيلع,ةبايغيفهوقل,ةلدحاوةلمالاسانل,نممكيووباجرخواامكناطيوشل,ناايليوشقحلء,يفمهيدانيمويومهلسر,ربديهلوق,وااوبلغويةياممكنومنكينواونيوتياماوبلغوينورباصنورشوع,نمكلذهلوق,.ةبقاعناكفيوكاورظنويفكلوقل,نمتنوكنوااهبتافةيابتيوجتنوكنوالاق,غلتاعاطل,فاةيدوبعل,ملنواكرمهرضهنوعانفء,ابلصاونيدل,يشنمباتكلء,غلهناوايندل,اجفىدرل,عبوسيفانتفواهلاعفء,يلقلاةرخل,وقهلوقب,مكبملعوامكبر,محراوهواظفاحريوخهللافلبقنمهيخاىلعمكتنماامكلاهيلعمكنمء,نعانكاموقيارطعبوسمكقوفانقء,لوتهل,غكنافيناصعنموينمهنافينعبتنمفسانل,نلهصلختساهبينوتء,لسيولامينلواسوتلفهلوسر,اجىتحكلذ,يولااولصينلهبلق,جرخويوتيمل,نورظنوتلمثاعليمجينوديكفهنودنمنوكرشوتاممء,هلعومجوممويكلذةرخلء,هرصندوق,يناهيولاوهتياف,نيجرخومباهنوممهاموبصناهيفمهسميل,ميلاباذعوانجسوينوالاهدوارمل,يفكزملينممهنوم,مهارخواتلاقعابتل,مهلولاوهل,عبطويكلذكلبوقنماوبذ,ةنجنمملس,دارجلواواريث,هتلكاشىلعلمعويسانل,هسماذاوهبناجبىانوضرعواناسنولء,نمنوكانواترماوهلل,هيلولانلوعجدوق,بهنومنينمووملء,ريوخلابمهلاجعوتسء,نعاولضيلانبراينودل,يواتبنحوناموملحواثاغضوااولاق,نواةروستلزنوااذء,قهزوتواينودل,رمهبهنامهتب,نيرفاكموقىلعىسء,ملغاذهىرشبايلاقجرخ,ناكمانلودبمهنايغط,هتاملكبقحلء,مكنوعينغوتنلودوعناودوعتنواومكلريوخوهفاوهتنوتنواوحتوف,ميلعنهديوكب,انلسحاقلزورهنومينقزروهب,يهتفرعمب,اروسحومامولمدعقء,ىلامكاجناملفهايالانوعدوتنملضرحبل,سسادجسوملهيف,هعمناكوللوق,ايلوانمكنودنمذختننواانليغبنويناكامكناحبوساولاقليبسل,ضعوبانلوضفدوق,هوازجامفاولاق,بنوذلةارمل,اذعمهنوعانفء,ديعببمكنومطولموقاموحلاص,.اودبعيل,ولقتزامشء,نيذلليهلوق,مكحواتنوء,دريلومهعابتء,مويمكلننيبيلوهبهلل,نودبعوتانايامتنوكاممهنم,رسانمهرهق,ةنس1347,ريسيليوككلذريعبليوكدادزونواناخاظف,دشابارعل,اروحسومىسومايكنظليناتايل,اربوصانيولعضفء,امهنوماجنيذل,ياوناكامبديدش,ةنيبنعكلهنمكلهيل,مثدصقلاب,اذعنمةيشاغمهيتاتنوااونمافء,كنمولاق,رخاورضوختلبنوسعبوسوفاجععبوسنهلكاينامستارق,اريعسمهاندوزتبخاملكمنهجمهاوامامصوامكوبوايلمعمههوجوىلعةمايقلء,ايكوملء,سافمهرثكواواقدص,غلبويلهدعبل,اهيولعتتاء,مكحويوايبايلنذايىتحاهب,اناينايدابعيوب,ادليدحواةلراجحاونوكلوق,تخوافةلدحاوةلمالاسانل,طيحمنولمعويامبهللاوهكولس,مهكيلوالضامهلوبماعنولاككيلوااهبنوعمسويلناذء,نيوهلااوذختتلهلل,نلكلناولوةمايقل,اتياوناسحولواولدوعلوابرمايهلل,نوملظويلمهورش,زنوااممتيوارالوق,نينمووملولةمحوروىدلهوهداسفب,قورسوينوااولاق,مهيفتنواومهبذعيل,اوبتنواهيخاوىسومىلاانيوحوء,امكلنحوناموضرلء,بمكلذيف,نعمهلواسء,رثكوانكلواق,نمنوكتنواكظعء,دهعباورتشوتل,اوسىلعمهيولاذوبنوافةلنايخموقنمنفاختامء,ىلعهرهظويلقحل,متبوقاعنواوناسحل,رطافملعل,ريبكرجواوةرفغوممهلكيلواتاحلاصل,حربوانلففسوييفمتطرفاملبقنموهلل,هبانلوزنواف,مكلذيفونهنولتق,نعمهلامفهب,تسومملعويوهلل,نولمتزء,ةبقاعناكفيوكرظنوافاهنع,يضرناسحوابمهوع,نمتيملء,انوحمفنيوتيء,ابخلامكودازاممكيفاوجرخوللاقف,نبسحويل,امهرهنوتلوةيذء,اذعنيرفاكلولناوهوقوذفمكلذ,اودعاويء,ناوتاقدصل,نواومهلاوماباودهاجواورجاهواونمء,تنواتيشخينايساربلويتيحولبذخء,نونسوم,يزجويلهديعيمثقلوخلء,هبانلوزنوافهلل,ااودبعوتلء,ربدينموتاروكذمل,ميظعنكديوكنانكديوكنمهنااهديس,يولارظنوينممهنوم,ابنوانمكلتهتلاسرب,امهيولاووعدواهيولاهدح,ىتاونطابل,اماوذخمهبعقاوهنااونظوةلظهناكمهقوفلبجل,نماريثكناوةليء,هلومىلعلكوهوريث,نميلوهلنكيملوكلوملء,مهبرتاياباوبذكمهلبوقنمنيذلاوهموق,غوتسء,مهيتاتواهلل,ريصبنولمعوتامبهنء,ةبقاعناكفيوكرظنوافمهلبوق,قبسنملاكلهواونيونثء,اقكيولارظنواينرابرلاق,نمرهاظبمواضرل,ناكامفسويلاندوككلذكهيخاء,اروكشوممهيعوسناككيلوافرخل,ضعوبكنيرنامء,مهبولقظيوغبوهذء,ينبانمركدوق,هموقنمةيرذلاىسوملنمء,نيعتسونكاياودبعونكايالاق,تتلومكرذنويلمكنوملجرىلعمكبرنمركوذمكء,هوامكيولعيهلل,نيقسافاموقمتنوكمكنامكنوملبق,اريصنانلاطلوسكنودلنميللوعجء,هيارونمواهيف,يناىسومايلاق,اشولوملس,سمهلكيلواكلذ,نموهوتقدصفلبقنمدقهصيمقناكنوالاقف,تاملكلليدبوتلميلل,مويومهقحل,نونموويلموقةلمتكورتيناكلذ,ينحهللاتلناقةلماناكميهاربوانء,هنوماربتريكذتل,يشلكىلعهللاوايليوشهورضتلومكريوغاموقلودبوتسويواميلاابلاذعمكبوذعياورفنوتلء,مهنومةف,ميلععيمسهناهللابذوعتسوافغزونناطيوشل,اهبانرماهللاواذ,ميكحميلعكبرناىلء,نورشبوتسويمهاذاهنودنمنيذل,اوصعواورف,نماولخدواودحاوبابنماولخدوتلنء,يواكوتبثيلاورف,اودبعوانالوسرةمالكيفانثعبدق,اكتمنهلتدتعواوةفايضلل,مهدعوبنمانثوعبمثيء,ملعوياملواوكرتوتنوامتبوسحموء,نابرقواوهوارصبل,مهلعلتارمثل,هناةحيبقل,نكاونهيولابصانهديوكينعفورصتلاوهيولايننوعدويامميلابحانجوسل,يبساورينوء,ياوناكامبمهولبونكلذكمهيتاتلنوتبسويلمويواعلرشمهتبوس,هرونمتينوالاهلل,مهبرلمهنيذلللوبقلاب,مهتحوتنميرجوتلغنممهرودصيفامانعوزن,نوتبسويلمويورحبل,نيبذاكمكنظنلوبمكل,ىلبويلكلومودلوخلء,يسفكلذ,هبنونموويمهدنع,اريمدوتاهانرمدفاهل,نوملسوممتنوالوهفوهلاهلالنواوهلل,ضرلواوء,نعفرصاسمهنع,نونموومهبلسراامبانااولاقهبرنملسرم,مهيولعاولبقواوفس,ربكواةنجل,هودبعوافلاعفل,نوااوناكنكلوهلل,نمتنوكوبيذكتل,يفمهعباصانولعجويهلوق,ميهاربوالبوقنمكيووباىلعاهمتاامكةنسح,ناانيولعقودصتوليوكلء,وهنامهل,دوهشوممويكلذوةفرعمل,سمدوقاولاقواوف,نمهانلزنواء,نوالابنذ,مهلامعواكبرمهنيفويلامللكنء,نولمعوياوناكامنسحوابمهرجواةرخل,حويهلوق,تارمثنم,ديدشهللاوايندل,نيرفاكباهباوسيولاموقاهبانلوكودوق,مهملظويلهلل,نوددرتيمهبيوريف,نممكعمينااورظتنوافهللبيوغلء,مويلوانمىوقء,ايلوامهضعوبكيلوء,دوقنملاكموقنمنمووينلهناحونىلايحواوهلوق,ىرشوبلء,ةلطسوبقلوخلء,اجىتحاوف,بةينارقل,يشلكىلعيبرنااهيلعف,هاوانيلهاجل,اوربكوتسء,احللاصنانوملعوتامهنومنمء,موياذهىلاع,يفرطاصوصخ,نيذللنذوويلمثادليهشةمالكنمثعبونم,اعداموهغلاببوهاموهافغلبويلء,نوضرعومم,تنواوانلاطلسهبلزنيملامهللاب,اولخدويلومكيبس,ىلعسسادجسوملهيلء,قرسكنبء,دنوعاهملوعامنالوقاهنوعيفحكناككنولاسويةلتغوبلامكيتاتلضرلواوتاوامسل,يضقوضرل,يموالاقف,هنومريوخاناهلوق,يوحوتلومكنوعرض,ينواةلنكامهبولقىلعانلعج,ضيغوءامسل,مهبولقيفةلبيراونبيذل,نولدعويهبوهب,ومهلاوحاب,فاخاينانورتلامىراينامكنومء,رسخدوقمهنيوبنوفراعتيراهنل,اذهنعضرعواميهاربواايهل,يبسنوعيطتسويلفاولضفلاثمل,مهلثومروسرشوعب,نيذللنودلقمل,نيوبيذل,هيولعلوكوتوهدوبعوافبيطل,نيادملء,موقرماواهتماقء,ريطاسالااذهنااذهلثمانلق,ثمنمهتدهاشم,اقلزورتارمثل,ريوخكلذىوقء,خناجلء,اونوختلاونمء,نمكارناناامهلوق
12888.0,12888.0,12888.0,12888.0,12888.0,12888.0,12888.0,12888.0,12888.0,12888.0,12888.0,12888.0,12888.0,12888.0,12888.0,12888.0,12888.0,12888.0,12888.0,12888.0,12888.0,12888.0,12888.0,12888.0,12888.0,12888.0,12888.0,12888.0,12888.0,12888.0,12888.0,12888.0,12888.0,12888.0,12888.0,12888.0,12888.0,12888.0,12888.0,12888.0,12888.0,12888.0,12888.0,12888.0,12888.0,12888.0,12888.0,12888.0,12888.0,12888.0,12888.0,12888.0,12888.0,12888.0,12888.0,12888.0,12888.0,12888.0,12888.0,12888.0,12888.0,12888.0,12888.0,12888.0,12888.0,12888.0,12888.0,12888.0,12888.0,12888.0,12888.0,12888.0,12888.0,12888.0,12888.0,12888.0,12888.0,12888.0,12888.0,12888.0,12888.0,12888.0,12888.0,12888.0,12888.0,12888.0,12888.0,12888.0,12888.0,12888.0,12888.0,12888.0,12888.0,12888.0,12888.0,12888.0,12888.0,12888.0,12888.0,12888.0,12888.0,12888.0,12888.0,12888.0,12888.0,12888.0,12888.0,12888.0,12888.0,12888.0,12888.0,12888.0,12888.0,12888.0,12888.0,12888.0,12888.0,12888.0,12888.0,12888.0,12888.0,12888.0,12888.0,12888.0,12888.0,12888.0,12888.0,12888.0,12888.0,12888.0,12888.0,12888.0,12888.0,12888.0,12888.0,12888.0,12888.0,12888.0,12888.0,12888.0,12888.0,12888.0,12888.0,12888.0,12888.0,12888.0,12888.0,12888.0,12888.0,12888.0,12888.0,12888.0,12888.0,12888.0,12888.0,12888.0,12888.0,12888.0,12888.0,12888.0,12888.0,12888.0,12888.0,12888.0,12888.0,12888.0,12888.0,12888.0,12888.0,12888.0,12888.0,12888.0,12888.0,12888.0,12888.0,12888.0,12888.0,12888.0,12888.0,12888.0,12888.0,12888.0,12888.0,12888.0,12888.0,12888.0,12888.0,12888.0,12888.0,12888.0,12888.0,12888.0,12888.0,12888.0,12888.0,12888.0,12888.0,12888.0,12888.0,12888.0,12888.0,12888.0,12888.0,12888.0,12888.0,12888.0,12888.0,12888.0,12888.0,12888.0,12888.0,12888.0,12888.0,12888.0,12888.0,12888.0,12888.0,12888.0,12888.0,12888.0,12888.0,12888.0,12888.0,12888.0,12888.0,12888.0,12888.0,12888.0,12888.0,12888.0,12888.0,12888.0,12888.0,12888.0,12888.0,12888.0,12888.0,12888.0,12888.0,12888.0,12888.0,12888.0,12888.0,12888.0,12888.0,12888.0,12888.0,12888.0,12888.0,12888.0,12888.0,12888.0,12888.0,12888.0,12888.0,12888.0,12888.0,12888.0,12888.0,12888.0,12888.0,12888.0,12888.0,12888.0,12888.0,12888.0,12888.0,12888.0,12888.0,12888.0,12888.0,12888.0,12888.0,12888.0,12888.0,12888.0,12888.0,12888.0,12888.0,12888.0,12888.0,12888.0,12888.0,12888.0,12888.0,12888.0,12888.0,12888.0,12888.0,12888.0,12888.0,12888.0,12888.0,12888.0,12888.0,12888.0,12888.0,12888.0,12888.0,12888.0,12888.0,12888.0,12888.0,12888.0,12888.0,12888.0,12888.0,12888.0,12888.0,12888.0,12888.0,12888.0,12888.0,12888.0,12888.0,12888.0,12888.0,12888.0,12888.0,12888.0,12888.0,12888.0,12888.0,12888.0,12888.0,12888.0,12888.0,12888.0,12888.0,12888.0,12888.0,12888.0,12888.0,12888.0,12888.0,12888.0,12888.0,12888.0,12888.0,12888.0,12888.0,12888.0,12888.0,12888.0,12888.0,12888.0,12888.0,12888.0,12888.0,12888.0,12888.0,12888.0,12888.0,12888.0,12888.0,12888.0,12888.0,12888.0,12888.0,12888.0,12888.0,12888.0,12888.0,12888.0,12888.0,12888.0,12888.0,12888.0,12888.0,12888.0,12888.0,12888.0,12888.0,12888.0,12888.0,12888.0,12888.0,12888.0,12888.0,12888.0,12888.0,12888.0,12888.0,12888.0,12888.0,12888.0,12888.0,12888.0,12888.0,12888.0,12888.0,12888.0,12888.0,12888.0,12888.0,12888.0,12888.0,12888.0,12888.0,12888.0,12888.0,12888.0,12888.0,12888.0,12888.0,12888.0,12888.0,12888.0,12888.0,12888.0,12888.0,12888.0,12888.0,12888.0,12888.0,12888.0,12888.0,12888.0,12888.0,12888.0,12888.0,12888.0,12888.0,12888.0,12888.0,12888.0,12888.0,12888.0,12888.0,12888.0,12888.0,12888.0,12888.0,12888.0,12888.0,12888.0,12888.0,12888.0,12888.0,12888.0,12888.0,12888.0,12888.0,12888.0,12888.0,12888.0,12888.0,12888.0,12888.0,12888.0,12888.0,12888.0,12888.0,12888.0,12888.0,12888.0,12888.0,12888.0,12888.0,12888.0,12888.0,12888.0,12888.0,12888.0,12888.0,12888.0,12888.0,12888.0,12888.0,12888.0,12888.0,12888.0,12888.0,12888.0,12888.0,12888.0,12888.0,12888.0,12888.0,12888.0,12888.0,12888.0,12888.0,12888.0,12888.0,12888.0,12888.0,12888.0,12888.0,12888.0,12888.0,12888.0,12888.0,12888.0,12888.0,12888.0,12888.0,12888.0,12888.0,12888.0,12888.0,12888.0,12888.0,12888.0,12888.0,12888.0,12888.0,12888.0,12888.0,12888.0,12888.0,12888.0,12888.0,12888.0,12888.0,12888.0,12888.0,12888.0,12888.0,12888.0,12888.0,12888.0,12888.0,12888.0,12888.0,12888.0,12888.0,12888.0,12888.0,12888.0,12888.0,12888.0,12888.0,12888.0,12888.0,12888.0,12888.0,12888.0,12888.0,12888.0,12888.0,12888.0,12888.0,12888.0,12888.0,12888.0,12888.0,12888.0,12888.0,12888.0,12888.0,12888.0,12888.0,12888.0,12888.0,12888.0,12888.0,12888.0,12888.0,12888.0,12888.0,12888.0,12888.0,12888.0,12888.0,12888.0,12888.0,12888.0,12888.0,12888.0,12888.0,12888.0,12888.0,12888.0,12888.0,12888.0,12888.0,12888.0,12888.0,12888.0,12888.0,12888.0,12888.0,12888.0,12888.0,12888.0,12888.0,12888.0,12888.0,12888.0,12888.0,12888.0,12888.0,12888.0,12888.0,12888.0,12888.0,12888.0,12888.0,12888.0,12888.0,12888.0,12888.0,12888.0,12888.0,12888.0,12888.0,12888.0,12888.0,12888.0,12888.0,12888.0,12888.0,12888.0,12888.0,12888.0,12888.0,12888.0,12888.0,12888.0,12888.0,12888.0,12888.0,12888.0,12888.0,12888.0,12888.0,12888.0,12888.0,12888.0,12888.0,12888.0,12888.0,12888.0,12888.0,12888.0,12888.0,12888.0,12888.0,12888.0,12888.0,12888.0,12888.0,12888.0,12888.0,12888.0,12888.0,12888.0,12888.0,12888.0,12888.0,12888.0,12888.0,12888.0,12888.0,12888.0,12888.0,12888.0,12888.0,12888.0,12888.0,12888.0,12888.0,12888.0,12888.0,12888.0,12888.0,12888.0,12888.0,12888.0,12888.0,12888.0,12888.0,12888.0,12888.0,12888.0,12888.0,12888.0,12888.0,12888.0,12888.0,12888.0,12888.0,12888.0,12888.0,12888.0,12888.0,12888.0,12888.0,12888.0,12888.0,12888.0,12888.0,12888.0,12888.0,12888.0,12888.0,12888.0,12888.0,12888.0,12888.0,12888.0,12888.0,12888.0,12888.0,12888.0,12888.0,12888.0,12888.0,12888.0,12888.0,12888.0,12888.0,12888.0,12888.0,12888.0,12888.0,12888.0,12888.0,12888.0,12888.0,12888.0,12888.0,12888.0,12888.0,12888.0,12888.0,12888.0,12888.0,12888.0,12888.0,12888.0,12888.0,12888.0,12888.0,12888.0,12888.0,12888.0,12888.0,12888.0,12888.0,12888.0,12888.0,12888.0,12888.0,12888.0,12888.0,12888.0,12888.0,12888.0,12888.0,12888.0,12888.0,12888.0,12888.0,12888.0,12888.0,12888.0,12888.0,12888.0,12888.0,12888.0,12888.0,12888.0,12888.0,12888.0,12888.0,12888.0,12888.0,12888.0,12888.0,12888.0,12888.0,12888.0,12888.0,12888.0,12888.0,12888.0,12888.0,12888.0,12888.0,12888.0,12888.0,12888.0,12888.0,12888.0,12888.0,12888.0,12888.0,12888.0,12888.0,12888.0,12888.0,12888.0,12888.0,12888.0,12888.0,12888.0,12888.0,12888.0,12888.0,12888.0,12888.0,12888.0,12888.0,12888.0,12888.0,12888.0,12888.0,12888.0,12888.0,12888.0,12888.0,12888.0,12888.0,12888.0,12888.0,12888.0,12888.0,12888.0,12888.0,12888.0,12888.0,12888.0,12888.0,12888.0,12888.0,12888.0,12888.0,12888.0,12888.0,12888.0,12888.0,12888.0,12888.0,12888.0,12888.0,12888.0,12888.0,12888.0,12888.0,12888.0,12888.0,12888.0,12888.0,12888.0,12888.0,12888.0,12888.0,12888.0,12888.0,12888.0,12888.0,12888.0,12888.0,12888.0,12888.0,12888.0,12888.0,12888.0,12888.0,12888.0,12888.0,12888.0,12888.0,12888.0,12888.0,12888.0,12888.0,12888.0,12888.0,12888.0,12888.0,12888.0,12888.0,12888.0,12888.0,12888.0,12888.0,12888.0,12888.0,12888.0,12888.0,12888.0,12888.0,12888.0,12888.0,12888.0,12888.0,12888.0,12888.0,12888.0,12888.0,12888.0,12888.0,12888.0,12888.0,12888.0,12888.0,12888.0,12888.0,12888.0,12888.0,12888.0,12888.0,12888.0,12888.0,12888.0,12888.0,12888.0,12888.0,12888.0,12888.0,12888.0,12888.0,12888.0,12888.0,12888.0,12888.0,12888.0,12888.0,12888.0,12888.0,12888.0,12888.0,12888.0,12888.0,12888.0,12888.0,12888.0,12888.0,12888.0,12888.0,12888.0,12888.0,12888.0,12888.0,12888.0,12888.0,12888.0,12888.0,12888.0,12888.0,12888.0,12888.0,12888.0,12888.0,12888.0,12888.0,12888.0,12888.0,12888.0,12888.0,12888.0,12888.0,12888.0,12888.0,12888.0,12888.0,12888.0,12888.0,12888.0,12888.0,12888.0,12888.0,12888.0,12888.0,12888.0,12888.0,12888.0,12888.0,12888.0,12888.0,12888.0,12888.0,12888.0,12888.0,12888.0,12888.0,12888.0,12888.0,12888.0,12888.0,12888.0,12889.0,12889.0,12889.0,12890.0,12892.0,12892.0,12892.0,12893.0,12893.0,12893.0,12893.0,12893.0,12893.0,12893.0,12893.0,12893.0,12893.0,12893.0,12893.0,12893.0,12893.0,12893.0,12893.0,12893.0,12893.0,12893.0,12893.0,12893.0,12893.0,12893.0,12893.0,12893.0,12893.0,12893.0,12893.0,12893.0,12893.0,12893.0,12893.0,12893.0,12893.0,12893.0,12893.0,12893.0,12893.0,12893.0,12893.0,12893.0,12893.0,12893.0,12893.0,12893.0,12893.0,12893.0,12893.0,12893.0,12893.0,12893.0,12893.0,12893.0,12893.0,12893.0,12893.0,12893.0,12893.0,12893.0,12893.0,12893.0,12893.0,12893.0,12893.0,12893.0,12893.0,12893.0,12893.0,12893.0,12893.0,12893.0,12893.0,12893.0,12893.0,12893.0,12893.0,12893.0,12893.0,12893.0,12893.0,12893.0,12893.0,12893.0,12893.0,12893.0,12893.0,12893.0,12893.0,12893.0,12893.0,12893.0,12893.0,12893.0,12893.0,12893.0,12893.0,12893.0,12893.0,12893.0,12893.0,12893.0,12893.0,12893.0,12893.0,12893.0,12893.0,12893.0,12893.0,12893.0,12893.0,12893.0,12893.0,12893.0,12893.0,12893.0,12893.0,12893.0,12893.0,12893.0,12893.0,12893.0,12893.0,12893.0,12893.0,12893.0,12893.0,12893.0,12893.0,12893.0,12893.0,12893.0,12893.0,12893.0,12893.0,12893.0,12893.0,12893.0,12893.0,12893.0,12893.0,12893.0,12893.0,12893.0,12893.0,12893.0,12893.0,12893.0,12893.0,12893.0,12893.0,12893.0,12893.0,12893.0,12893.0,12893.0,12893.0,12893.0,12893.0,12893.0,12893.0,12893.0,12893.0,12893.0,12893.0,12893.0,12893.0,12893.0,12893.0,12893.0,12893.0,12893.0,12893.0,12893.0,12893.0,12893.0,12893.0,12893.0,12893.0,12893.0,12893.0,12893.0,12893.0,12893.0,12893.0,12893.0,12893.0,12893.0,12893.0,12893.0,12893.0,12893.0,12893.0,12893.0,12893.0,12893.0,12893.0,12893.0,12893.0,12893.0,12893.0,12893.0,12893.0,12893.0,12893.0,12893.0,12893.0,12893.0,12893.0,12893.0,12893.0,12893.0,12893.0,12893.0,12893.0,12893.0,12893.0,12893.0,12893.0,12893.0,12893.0,12893.0,12893.0,12893.0,12893.0,12893.0,12893.0,12893.0,12893.0,12893.0,12893.0,12893.0,12893.0,12893.0,12893.0,12893.0,12893.0,12893.0,12893.0,12893.0,12893.0,12893.0,12893.0,12893.0,12893.0,12893.0,12893.0,12893.0,12893.0,12893.0,12893.0,12893.0,12893.0,12893.0,12893.0,12893.0,12893.0,12893.0,12893.0,12893.0,12893.0,12893.0,12893.0,12893.0,12893.0,12893.0,12893.0,12893.0,12893.0,12893.0,12893.0,12893.0,12893.0,12893.0,12893.0,12893.0,12893.0,12893.0,12893.0,12893.0,12893.0,12893.0,12893.0,12893.0,12893.0,12893.0,12893.0,12893.0,12893.0,12893.0,12893.0,12893.0,12893.0,12893.0,12893.0,12893.0,12893.0,12893.0,12893.0,12893.0,12893.0,12893.0,12893.0,12893.0,12893.0,12893.0,12893.0,12893.0,12893.0,12893.0,12893.0,12893.0,12893.0,12893.0,12893.0,12893.0,12893.0,12893.0,12893.0,12893.0,12893.0,12893.0,12893.0,12893.0,12893.0,12893.0,12893.0,12893.0,12893.0,12893.0,12893.0,12893.0,12893.0,12893.0,12893.0,12893.0,12893.0,12893.0,12893.0,12893.0,12893.0,12893.0,12893.0,12893.0,12893.0,12893.0,12893.0,12893.0,12893.0,12893.0,12893.0,12893.0,12893.0,12893.0,12893.0,12893.0,12893.0,12893.0,12893.0,12893.0,12893.0,12893.0,12893.0,12893.0,12893.0,12893.0,12893.0,12893.0,12893.0,12893.0,12893.0,12893.0,12893.0,12893.0,12893.0,12893.0,12893.0,12893.0,12893.0,12893.0,12893.0,12893.0,12893.0,12893.0,12893.0,12893.0,12893.0,12893.0,12893.0,12893.0,12893.0,12893.0,12893.0,12893.0,12893.0,12893.0,12893.0,12893.0,12893.0,12893.0,12893.0,12893.0,12893.0,12893.0,12893.0,12893.0,12893.0,12893.0,12893.0,12893.0,12893.0,12893.0,12893.0,12893.0,12893.0,12893.0,12893.0,12893.0,12893.0,12893.0,12893.0,12893.0,12893.0,12893.0,12893.0,12893.0,12893.0,12893.0,12893.0,12893.0,12893.0,12893.0,12893.0,12893.0,12893.0,12893.0,12893.0,12893.0,12893.0,12893.0,12893.0,12893.0,12893.0,12893.0,12893.0,12893.0,12893.0,12893.0,12893.0,12893.0,12893.0,12893.0,12893.0,12893.0,12893.0,12893.0,12893.0,12893.0,12893.0,12893.0,12893.0,12893.0,12893.0,12893.0,12893.0,12893.0,12893.0,12893.0,12893.0,12893.0,12893.0,12893.0,12893.0,12893.0,12893.0,12893.0,12893.0,12893.0,12893.0,12893.0,12893.0,12893.0,12893.0,12893.0,12893.0,12893.0,12893.0,12893.0,12893.0,12893.0,12893.0,12893.0,12893.0,12893.0,12893.0,12893.0,12893.0,12893.0,12893.0,12893.0,12893.0,12893.0,12893.0,12893.0,12893.0,12893.0,12893.0,12893.0,12893.0,12893.0,12893.0,12893.0,12893.0,12893.0,12893.0,12893.0,12893.0,12893.0,12893.0,12893.0,12893.0,12893.0,12893.0,12893.0,12893.0,12893.0,12893.0,12893.0,12893.0,12893.0,12893.0,12893.0,12893.0,12893.0,12893.0,12893.0,12893.0,12893.0,12893.0,12893.0,12893.0,12893.0,12893.0,12893.0,12893.0,12893.0,12893.0,12893.0,12893.0,12893.0,12893.0,12893.0,12893.0,12893.0,12893.0,12893.0,12893.0,12893.0,12893.0,12893.0,12893.0,12893.0,12893.0,12893.0,12893.0,12893.0,12893.0,12893.0,12893.0,12893.0,12893.0,12893.0,12893.0,12893.0,12893.0,12893.0,12893.0,12893.0,12893.0,12893.0,12893.0,12893.0,12893.0,12893.0,12893.0,12893.0,12893.0,12893.0,12893.0,12893.0,12893.0,12893.0,12893.0,12893.0,12893.0,12893.0,12893.0,12893.0,12893.0,12893.0,12893.0,12893.0,12893.0,12893.0,12893.0,12893.0,12893.0,12893.0,12893.0,12893.0,12893.0,12893.0,12893.0,12893.0,12893.0,12893.0,12893.0,12893.0,12893.0,12893.0,12893.0,12893.0,12893.0,12893.0,12893.0,12893.0,12893.0,12893.0,12893.0,12893.0,12893.0,12893.0,12893.0,12893.0,12893.0,12893.0,12893.0,12893.0,12893.0,12893.0,12893.0,12893.0,12893.0,12893.0,12893.0,12893.0,12893.0,12893.0,12893.0,12893.0,12893.0,12893.0,12893.0,12893.0,12893.0,12893.0,12893.0,12893.0,12893.0,12893.0,12893.0,12893.0,12893.0,12893.0,12893.0,12893.0,12893.0,12893.0,12893.0,12893.0,12893.0,12893.0,12893.0,12893.0,12893.0,12893.0,12893.0,12893.0,12893.0,12893.0,12893.0,12893.0,12893.0,12893.0,12893.0,12893.0,12893.0,12893.0,12893.0,12893.0,12893.0,12893.0,12893.0,12893.0,12893.0,12893.0,12893.0,12893.0,12893.0,12893.0,12893.0,12893.0,12893.0,12893.0,12893.0,12893.0,12893.0,12893.0,12893.0,12893.0,12893.0,12893.0,12893.0,12893.0,12893.0,12893.0,12893.0,12893.0,12893.0,12893.0,12893.0,12893.0,12893.0,12893.0,12893.0,12893.0,12893.0,12893.0,12893.0,12893.0,12893.0,12893.0,12893.0,12893.0,12893.0,12893.0,12893.0,12893.0,12893.0,12893.0,12893.0,12893.0,12893.0,12893.0,12893.0,12893.0,12893.0,12893.0,12893.0,12893.0,12893.0,12893.0,12893.0,12893.0,12893.0,12893.0,12893.0,12893.0,12893.0,12893.0,12893.0,12893.0,12893.0,12893.0,12893.0,12893.0,12893.0,12893.0,12893.0,12893.0,12893.0,12893.0,12893.0,12893.0,12893.0,12893.0,12893.0,12893.0,12893.0,12893.0,12893.0,12893.0,12893.0,12893.0,12893.0,12893.0,12894.0,12894.0,12894.0,12894.0,12894.0,12894.0,12894.0,12894.0,12894.0,12894.0,12894.0,12894.0,12895.0,12895.0,12895.0,12895.0,12895.0,12895.0,12895.0,12895.0,12895.0,12895.0,12895.0,12895.0,12895.0,12895.0,12895.0,12895.0,12895.0,12895.0,12895.0,12895.0,12895.0,12895.0,12895.0,12895.0,12895.0,12895.0,12895.0,12895.0,12895.0,12895.0,12895.0,12895.0,12895.0,12895.0,12895.0,12895.0,12895.0,12895.0,12895.0,12895.0,12895.0,12895.0,12895.0,12895.0,12895.0,12895.0,12895.0,12895.0,12895.0,12895.0,12895.0,12895.0,12895.0,12895.0,12895.0,12895.0,12895.0,12895.0,12895.0,12895.0,12895.0,12895.0,12895.0,12895.0,12895.0,12895.0,12895.0,12895.0,12895.0,12895.0,12895.0,12895.0,12895.0,12895.0,12895.0,12895.0,12895.0,12895.0,12895.0,12895.0,12895.0,12895.0,12896.0,12896.0,12896.0,12896.0,12896.0,12896.0,12896.0,12896.0,12896.0,12896.0,12896.0,12896.0,12896.0,12896.0,12896.0,12896.0,12896.0,12896.0,12896.0,12896.0,12896.0,12896.0,12896.0,12896.0,12896.0,12896.0,12896.0,12896.0,12896.0,12896.0,12896.0,12896.0,12896.0,12896.0,12896.0,12896.0,12896.0,12896.0,12896.0,12896.0,12896.0,12896.0,12896.0,12896.0,12896.0,12896.0,12896.0,12896.0,12896.0,12896.0,12896.0,12896.0,12896.0,12896.0,12896.0,12896.0,12896.0,12896.0,12896.0,12896.0,12896.0,12896.0,12896.0,12896.0,12896.0,12896.0,12896.0,12896.0,12896.0,12896.0,12896.0,12896.0,12896.0,12896.0,12896.0,12896.0,12896.0,12896.0,12896.0,12896.0,12896.0,12896.0,12896.0,12896.0,12896.0,12896.0,12896.0,12896.0,12896.0,12896.0,12896.0,12896.0,12896.0,12896.0,12896.0,12896.0,12896.0,12896.0,12896.0,12896.0,12896.0,12896.0,12896.0,12896.0,12896.0,12896.0,12896.0,12896.0,12896.0,12896.0,12896.0,12896.0,12896.0,12896.0,12896.0,12896.0,12896.0,12896.0,12896.0,12896.0,12896.0,12896.0,12896.0,12896.0,12896.0,12896.0,12896.0,12896.0,12896.0,12896.0,12896.0,12896.0,12896.0,12896.0,12896.0,12896.0,12896.0,12896.0,12896.0,12896.0,12896.0,12896.0,12896.0,12896.0,12896.0,12896.0,12896.0,12896.0,12896.0,12896.0,12896.0,12896.0,12896.0,12896.0,12896.0,12896.0,12896.0,12896.0,12896.0,12896.0,12896.0,12896.0,12896.0,12896.0,12896.0,12896.0,12896.0,12896.0,12896.0,12896.0,12896.0,12896.0,12896.0,12896.0,12896.0,12896.0,12896.0,12896.0,12896.0,12896.0,12896.0,12896.0,12896.0,12896.0,12896.0,12896.0,12896.0,12896.0,12896.0,12896.0,12896.0,12896.0,12896.0,12896.0,12896.0,12896.0,12896.0,12896.0,12896.0,12896.0,12896.0,12896.0,12896.0,12896.0,12896.0,12896.0,12896.0,12896.0,12896.0,12896.0,12896.0,12896.0,12896.0,12896.0,12896.0,12896.0,12896.0,12896.0,12896.0,12896.0,12896.0,12896.0,12896.0,12896.0,12896.0,12896.0,12896.0,12896.0,12896.0,12896.0,12896.0,12896.0,12896.0,12896.0,12896.0,12896.0,12896.0,12896.0,12896.0,12896.0,12896.0,12896.0,12896.0,12896.0,12896.0,12896.0,12896.0,12896.0,12896.0,12896.0,12896.0,12896.0,12896.0,12896.0,12896.0,12896.0,12896.0,12896.0,12896.0,12896.0,12896.0,12896.0,12896.0,12896.0,12896.0,12896.0,12896.0,12896.0,12896.0,12896.0,12896.0,12896.0,12896.0,12896.0,12896.0,12896.0,12896.0,12896.0,12896.0,12896.0,12896.0,12896.0,12896.0,12896.0,12896.0,12896.0,12896.0,12896.0,12896.0,12896.0,12896.0,12896.0,12896.0,12896.0,12896.0,12896.0,12896.0,12896.0,12896.0,12896.0,12896.0,12896.0,12896.0,12896.0,12896.0,12896.0,12896.0,12896.0,12896.0,12896.0,12896.0,12896.0,12896.0,12896.0,12896.0,12896.0,12896.0,12896.0,12896.0,12896.0,12896.0,12896.0,12896.0,12896.0,12896.0,12896.0,12896.0,12896.0,12896.0,12896.0,12896.0,12896.0,12896.0,12896.0,12896.0,12896.0,12896.0,12896.0,12896.0,12896.0,12896.0,12896.0,12896.0,12896.0,12896.0,12896.0,12896.0,12896.0,12896.0,12896.0,12896.0,12896.0,12896.0,12896.0,12896.0,12896.0,12896.0,12896.0,12896.0,12896.0,12896.0,12896.0,12896.0,12896.0,12896.0,12896.0,12896.0,12896.0,12896.0,12896.0,12896.0,12896.0,12896.0,12896.0,12896.0,12896.0,12896.0,12896.0,12896.0,12896.0,12896.0,12896.0,12896.0,12896.0,12896.0,12896.0,12896.0,12896.0,12896.0,12896.0,12896.0,12896.0,12896.0,12896.0,12896.0,12896.0,12896.0,12896.0,12896.0,12896.0,12896.0,12896.0,12896.0,12896.0,12896.0,12896.0,12896.0,12896.0,12896.0,12896.0,12896.0,12896.0,12896.0,12896.0,12896.0,12896.0,12896.0,12896.0,12896.0,12896.0,12896.0,12896.0,12896.0,12896.0,12896.0,12896.0,12896.0,12896.0,12896.0,12896.0,12896.0,12896.0,12896.0,12896.0,12896.0,12896.0,12896.0,12896.0,12896.0,12896.0,12896.0,12896.0,12896.0,12896.0,12896.0,12896.0,12896.0,12896.0,12896.0,12896.0,12896.0,12896.0,12896.0,12896.0,12896.0,12896.0,12896.0,12896.0,12896.0,12896.0,12896.0,12896.0,12896.0,12896.0,12896.0,12896.0,12896.0,12896.0,12896.0,12896.0,12896.0,12896.0,12896.0,12896.0,12896.0,12896.0,12896.0,12896.0,12896.0,12896.0,12896.0,12896.0,12896.0,12896.0,12896.0,12896.0,12896.0,12896.0,12896.0,12896.0,12896.0,12896.0,12896.0,12896.0,12896.0,12896.0,12896.0,12896.0,12896.0,12896.0,12896.0,12896.0,12896.0,12896.0,12896.0,12896.0,12896.0,12896.0,12896.0,12896.0,12896.0,12896.0,12896.0,12896.0,12896.0,12896.0,12896.0,12896.0,12896.0,12896.0,12896.0,12896.0,12896.0,12896.0,12896.0,12896.0,12896.0,12896.0,12896.0,12896.0,12896.0,12896.0,12896.0,12896.0,12896.0,12896.0,12896.0,12896.0,12896.0,12896.0,12896.0,12896.0,12896.0,12896.0,12896.0,12896.0,12896.0,12896.0,12896.0,12896.0,12896.0,12896.0,12896.0,12896.0,12896.0,12896.0,12896.0,12896.0,12896.0,12896.0,12896.0,12896.0,12896.0,12896.0,12896.0,12896.0,12896.0,12896.0,12896.0,12896.0,12896.0,12896.0,12896.0,12896.0,12896.0,12896.0,12896.0,12896.0,12896.0,12896.0,12896.0,12896.0,12896.0,12896.0,12896.0,12896.0,12896.0,12896.0,12896.0,12896.0,12896.0,12896.0,12896.0,12896.0,12896.0,12896.0,12896.0,12896.0,12896.0,12896.0,12896.0,12896.0,12896.0,12896.0,12896.0,12896.0,12896.0,12896.0,12896.0,12896.0,12896.0,12896.0,12896.0,12896.0,12896.0,12896.0,12896.0,12896.0,12896.0,12896.0,12896.0,12896.0,12896.0,12896.0,12896.0,12896.0,12896.0,12896.0,12896.0,12896.0,12896.0,12896.0,12896.0,12896.0,12896.0,12896.0,12896.0,12896.0,12896.0,12896.0,12896.0,12896.0,12896.0,12896.0,12896.0,12896.0,12896.0,12896.0,12896.0,12896.0,12896.0,12896.0,12896.0,12896.0,12896.0,12896.0,12896.0,12896.0,12896.0,12896.0,12896.0,12896.0,12896.0,12896.0,12896.0,12896.0,12896.0,12896.0,12896.0,12896.0,12896.0,12896.0,12896.0,12896.0,12896.0,12896.0,12896.0,12896.0,12896.0,12896.0,12896.0,12896.0,12896.0,12896.0,12896.0,12896.0,12896.0,12896.0,12896.0,12896.0,12896.0,12896.0,12896.0,12896.0,12896.0,12896.0,12896.0,12896.0,12896.0,12896.0,12896.0,12896.0,12896.0,12896.0,12896.0,12896.0,12896.0,12896.0,12896.0,12896.0,12896.0,12896.0,12896.0,12896.0,12896.0,12896.0,12896.0,12896.0,12896.0,12896.0,12896.0,12896.0,12896.0,12896.0,12896.0,12896.0,12896.0,12896.0,12896.0,12896.0,12896.0,12896.0,12896.0,12896.0,12896.0,12896.0,12896.0,12896.0,12896.0,12896.0,12896.0,12896.0,12896.0,12896.0,12896.0,12896.0,12896.0,12896.0,12896.0,12896.0,12896.0,12896.0,12896.0,12896.0,12896.0,12896.0,12896.0,12896.0,12896.0,12896.0,12896.0,12896.0,12896.0,12896.0,12896.0,12896.0,12896.0,12896.0,12896.0,12896.0,12896.0,12896.0,12896.0,12896.0,12896.0,12896.0,12896.0,12896.0,12896.0,12896.0,12896.0,12896.0,12896.0,12896.0,12896.0,12896.0,12896.0,12896.0,12896.0,12896.0,12896.0,12896.0,12896.0,12896.0,12896.0,12896.0,12896.0,12896.0,12896.0,12896.0,12896.0,12896.0,12896.0,12896.0,12896.0,12896.0,12896.0,12896.0,12896.0,12896.0,12896.0,12896.0,12896.0,12896.0,12896.0,12896.0,12896.0,12896.0,12896.0,12896.0,12896.0,12896.0,12896.0,12896.0,12896.0,12896.0,12896.0,12896.0,12896.0,12896.0,12896.0,12896.0,12896.0,12896.0,12896.0,12896.0,12896.0,12896.0,12896.0,12896.0,12896.0,12896.0,12896.0,12896.0,12896.0,12896.0,12896.0,12896.0,12896.0,12896.0,12896.0,12896.0,12896.0,12896.0,12896.0,12896.0,12896.0,12896.0,12896.0,12896.0,12896.0,12896.0,12896.0,12896.0,12896.0,12896.0,12896.0,12896.0,12896.0,12896.0,12896.0,12896.0,12896.0,12896.0,12896.0,12896.0,12896.0,12896.0,12896.0,12896.0,12896.0,12896.0,12896.0,12896.0,12896.0,12896.0,12896.0,12896.0,12896.0,12896.0,12896.0,12896.0,12896.0,12896.0,12896.0,12896.0,12896.0,12896.0,12896.0,12896.0,12896.0,12896.0,12896.0,12896.0,12896.0,12896.0,12896.0,12896.0,12896.0,12896.0,12896.0,12896.0,12896.0,12896.0,12896.0,12896.0,12896.0,12896.0,12896.0,12896.0,12896.0,12896.0,12896.0,12896.0,12896.0,12896.0,12896.0,12896.0,12896.0,12896.0,12896.0,12896.0,12896.0,12896.0,12896.0,12896.0,12896.0,12896.0,12896.0,12896.0,12896.0,12896.0,12896.0,12896.0,12896.0,12896.0,12896.0,12896.0,12896.0,12896.0,12896.0,12896.0,12896.0,12896.0,12896.0,12896.0,12896.0,12896.0,12896.0,12896.0,12896.0,12896.0,12896.0,12896.0,12896.0,12896.0,12896.0,12896.0,12896.0,12896.0,12896.0,12896.0,12896.0,12896.0,12896.0,12896.0,12896.0,12896.0,12896.0,12896.0,12896.0,12896.0,12896.0,12896.0,12896.0,12896.0,12896.0,12896.0,12896.0,12896.0,12896.0,12896.0,12896.0,12896.0,12896.0,12896.0,12896.0,12896.0,12896.0,12896.0,12896.0,12896.0,12896.0,12896.0,12896.0,12896.0,12896.0,12896.0,12896.0,12896.0,12896.0,12896.0,12896.0,12896.0,12896.0,12896.0,12896.0,12896.0,12896.0,12896.0,12896.0,12896.0,12896.0,12896.0,12896.0,12896.0,12896.0,12896.0,12896.0,12896.0,12896.0,12896.0,12896.0,12896.0,12896.0,12896.0,12896.0,12896.0,12896.0,12896.0,12896.0,12896.0,12896.0,12896.0,12896.0,12896.0,12896.0,12896.0,12896.0,12896.0,12896.0,12896.0,12896.0,12896.0,12896.0,12896.0,12896.0,12896.0,12896.0,12896.0,12896.0,12896.0,12896.0,12896.0,12896.0,12896.0,12896.0,12896.0,12896.0,12896.0,12896.0,12896.0,12896.0,12896.0,12896.0,12896.0,12896.0,12896.0,12896.0,12896.0,12896.0,12896.0,12896.0,12896.0,12896.0,12896.0,12896.0,12896.0,12896.0,12896.0,12896.0,12896.0,12896.0,12896.0,12896.0,12896.0,12896.0,12896.0,12896.0,12896.0,12896.0,12896.0,12896.0,12896.0,12896.0,12896.0,12896.0,12896.0,12896.0,12896.0,12896.0,12896.0,12896.0,12896.0,12896.0,12896.0,12896.0,12896.0,12896.0,12896.0,12896.0,12896.0,12896.0,12896.0,12896.0,12896.0,12896.0,12896.0,12896.0,12896.0,12896.0,12896.0,12896.0,12896.0,12896.0,12896.0,12896.0,12896.0,12896.0,12896.0,12896.0,12896.0,12896.0,12896.0,12896.0,12896.0,12896.0,12896.0,12896.0,12896.0,12896.0,12896.0,12896.0,12896.0,12896.0,12896.0,12896.0,12896.0,12896.0,12896.0,12896.0,12896.0,12896.0,12896.0,12896.0,12896.0,12896.0,12896.0,12896.0,12896.0,12896.0,12896.0,12896.0,12896.0,12896.0,12896.0,12896.0,12896.0,12896.0,12896.0,12896.0,12896.0,12896.0,12896.0,12896.0,12896.0,12896.0,12896.0,12896.0,12896.0,12896.0,12896.0,12896.0,12896.0,12896.0,12896.0,12896.0,12896.0,12896.0,12896.0,12896.0,12896.0,12896.0,12896.0,12896.0,12896.0,12896.0,12896.0,12896.0,12896.0,12896.0,12896.0,12896.0,12896.0,12896.0,12896.0,12896.0,12896.0,12896.0,12896.0,12896.0,12896.0,12896.0,12896.0,12896.0,12896.0,12896.0,12896.0,12896.0,12896.0,12896.0,12896.0,12896.0,12896.0,12896.0,12896.0,12896.0,12896.0,12896.0,12896.0,12896.0,12896.0,12896.0,12896.0,12896.0,12896.0,12896.0,12896.0,12896.0,12896.0,12896.0,12896.0,12896.0,12896.0,12896.0,12896.0,12896.0,12896.0,12896.0,12896.0,12896.0,12896.0,12896.0,12896.0,12896.0,12896.0,12896.0,12896.0,12896.0,12896.0,12896.0,12896.0,12896.0,12896.0,12896.0,12896.0,12896.0,12896.0,12896.0,12896.0,12896.0,12896.0,12896.0,12896.0,12896.0,12896.0,12896.0,12896.0,12896.0,12896.0,12896.0,12896.0,12896.0,12896.0,12896.0,12896.0,12896.0,12896.0,12896.0,12896.0,12896.0,12896.0,12896.0,12896.0,12896.0,12896.0,12896.0,12896.0,12896.0,12896.0,12896.0,12896.0,12896.0,12896.0,12896.0,12896.0,12896.0,12896.0,12896.0,12896.0,12896.0,12896.0,12896.0,12896.0,12896.0,12896.0,12896.0,12896.0,12896.0,12896.0,12896.0,12896.0,12896.0,12896.0,12896.0,12896.0,12896.0,12896.0,12896.0,12896.0,12896.0,12896.0,12896.0,12896.0,12896.0,12896.0,12896.0,12896.0,12896.0,12896.0,12896.0,12896.0,12896.0,12896.0,12896.0,12896.0,12896.0,12896.0,12896.0,12896.0,12896.0,12896.0,12896.0,12896.0,12896.0,12896.0,12896.0,12896.0,12896.0,12896.0,12896.0,12896.0,12896.0,12896.0,12896.0,12896.0,12896.0,12896.0,12896.0,12896.0,12896.0,12896.0,12896.0,12896.0,12896.0,12896.0,12896.0,12896.0,12896.0,12896.0,12896.0,12896.0,12896.0,12896.0,12896.0,12896.0,12896.0,12896.0,12896.0,12896.0,12896.0,12896.0,12896.0,12896.0,12896.0,12896.0,12896.0,12896.0,12896.0,12896.0,12896.0,12896.0,12896.0,12896.0,12896.0,12896.0,12896.0,12896.0,12896.0,12896.0,12896.0,12896.0,12896.0,12896.0,12896.0,12896.0,12896.0,12896.0,12896.0,12896.0,12896.0,12896.0,12896.0,12896.0,12896.0,12896.0,12896.0,12896.0,12896.0,12896.0,12896.0,12896.0,12896.0,12896.0,12896.0,12896.0,12896.0,12896.0,12896.0,12896.0,12896.0,12896.0,12896.0,12896.0,12896.0,12896.0,12896.0,12896.0,12896.0,12896.0,12896.0,12896.0,12896.0,12896.0,12896.0,12896.0,12896.0,12896.0,12896.0,12896.0,12896.0,12896.0,12896.0,12896.0,12896.0,12896.0,12896.0,12896.0,12896.0,12896.0,12896.0,12896.0,12896.0,12896.0,12896.0,12896.0,12896.0,12896.0,12896.0,12896.0,12896.0,12896.0,12896.0,12896.0,12896.0,12896.0,12896.0,12896.0,12896.0,12896.0,12896.0,12896.0,12896.0,12896.0,12896.0,12896.0,12896.0,12896.0,12896.0,12896.0,12896.0,12896.0,12896.0,12896.0,12896.0,12896.0,12896.0,12896.0,12896.0,12896.0,12896.0,12896.0,12896.0,12896.0,12896.0,12896.0,12896.0,12896.0,12896.0,12896.0,12896.0,12896.0,12896.0,12896.0,12896.0,12896.0,12896.0,12896.0,12896.0,12896.0,12896.0,12896.0,12896.0,12896.0,12896.0,12896.0,12896.0,12896.0,12896.0,12896.0,12896.0,12896.0,12896.0,12896.0,12896.0,12896.0,12896.0,12896.0,12896.0,12896.0,12896.0,12896.0,12896.0,12896.0,12896.0,12896.0,12896.0,12896.0,12896.0,12896.0,12896.0,12896.0,12896.0,12896.0,12896.0,12896.0,12896.0,12896.0,12896.0,12896.0,12896.0,12896.0,12896.0,12896.0,12896.0,12896.0,12896.0,12896.0,12896.0,12896.0,12896.0,12896.0,12896.0,12896.0,12896.0,12896.0,12896.0,12896.0,12896.0,12896.0,12896.0,12896.0,12896.0,12896.0,12896.0,12896.0,12896.0,12896.0,12896.0,12896.0,12896.0,12896.0,12896.0,12896.0,12896.0,12896.0,12896.0,12896.0,12896.0,12896.0,12896.0,12896.0,12896.0,12896.0,12896.0,12896.0,12896.0,12896.0,12896.0,12896.0,12896.0,12896.0,12896.0,12896.0,12896.0,12896.0,12896.0,12896.0,12896.0,12896.0,12896.0,12896.0,12896.0,12896.0,12896.0,12896.0,12896.0,12896.0,12896.0,12896.0,12896.0,12896.0,12896.0,12896.0,12896.0,12896.0,12896.0,12896.0,12896.0,12896.0,12896.0,12896.0,12896.0,12896.0,12896.0,12896.0,12896.0,12896.0,12896.0,12896.0,12896.0,12896.0,12896.0,12896.0,12896.0,12896.0,12896.0,12896.0,12896.0,12896.0,12896.0,12896.0,12896.0,12896.0,12896.0,12896.0,12896.0,12896.0,12896.0,12896.0,12896.0,12896.0,12896.0,12896.0,12896.0,12896.0,12896.0,12896.0,12896.0,12896.0,12896.0,12896.0,12896.0,12896.0,12896.0,12896.0,12896.0,12896.0,12896.0,12896.0,12896.0,12896.0,12896.0,12896.0,12896.0,12896.0,12896.0,12896.0,12896.0,12896.0,12896.0,12896.0,12896.0,12896.0,12896.0,12896.0,12896.0,12896.0,12896.0,12896.0,12896.0,12896.0,12896.0,12896.0,12896.0,12896.0,12896.0,12896.0,12896.0,12896.0,12896.0,12896.0,12896.0,12896.0,12896.0,12896.0,12896.0,12896.0,12896.0,12896.0,12896.0,12896.0,12896.0,12896.0,12896.0,12896.0,12896.0,12896.0,12896.0,12896.0,12896.0,12896.0,12896.0,12896.0,12896.0,12896.0,12896.0,12896.0,12896.0,12896.0,12896.0,12896.0,12896.0,12896.0,12896.0,12896.0,12896.0,12896.0,12896.0,12896.0,12896.0,12896.0,12896.0,12896.0,12896.0,12896.0,12896.0,12896.0,12896.0,12896.0,12896.0,12896.0,12896.0,12896.0,12896.0,12896.0,12896.0,12896.0,12896.0,12896.0,12896.0,12896.0,12896.0,12896.0,12896.0,12896.0,12896.0,12896.0,12896.0,12896.0,12896.0,12896.0,12896.0,12896.0,12896.0,12896.0,12896.0,12896.0,12896.0,12896.0,12896.0,12896.0,12896.0,12896.0,12896.0,12896.0,12896.0,12896.0,12896.0,12896.0,12896.0,12896.0,12896.0,12896.0,12896.0,12896.0,12896.0,12896.0,12896.0,12896.0,12896.0,12896.0,12896.0,12896.0,12896.0,12896.0,12896.0,12896.0,12896.0,12896.0,12896.0,12896.0,12896.0,12896.0,12896.0,12896.0,12896.0,12896.0,12896.0,12896.0,12896.0,12896.0,12896.0,12896.0,12896.0,12896.0,12896.0,12896.0,12896.0,12896.0,12896.0,12896.0,12896.0,12896.0,12896.0,12896.0,12896.0,12896.0,12896.0,12896.0,12896.0,12896.0,12896.0,12896.0,12896.0,12896.0,12896.0,12896.0,12896.0,12896.0,12896.0,12896.0,12896.0,12896.0,12896.0,12896.0,12896.0,12896.0,12896.0,12896.0,12896.0,12896.0,12896.0,12896.0,12896.0,12896.0,12896.0,12896.0,12896.0,12896.0,12896.0,12896.0,12896.0,12896.0,12896.0,12896.0,12896.0,12896.0,12896.0,12896.0,12896.0,12896.0,12896.0,12896.0,12896.0,12896.0,12896.0,12896.0,12896.0,12896.0,12896.0,12896.0,12896.0,12896.0,12896.0,12896.0,12896.0,12896.0,12896.0,12896.0,12896.0,12896.0,12896.0,12896.0,12896.0,12896.0,12896.0,12896.0,12896.0,12896.0,12896.0,12896.0,12896.0,12896.0,12896.0,12896.0,12896.0,12896.0,12896.0,12896.0,12896.0,12896.0,12896.0,12896.0,12896.0,12896.0,12896.0,12896.0,12896.0,12896.0,12896.0,12896.0,12896.0,12896.0,12896.0,12896.0,12896.0,12896.0,12896.0,12896.0,12896.0,12896.0,12896.0,12896.0,12896.0,12896.0,12896.0,12896.0,12896.0,12896.0,12896.0,12896.0,12896.0,12896.0,12896.0,12896.0,12896.0,12896.0,12896.0,12896.0,12896.0,12896.0,12896.0,12896.0,12896.0,12896.0,12896.0,12896.0,12896.0,12896.0,12896.0,12896.0,12896.0,12896.0,12896.0,12896.0,12896.0,12896.0,12896.0,12896.0,12896.0,12896.0,12896.0,12896.0,12896.0,12896.0,12896.0,12896.0,12896.0,12896.0,12896.0,12896.0,12896.0,12896.0,12896.0,12896.0,12896.0,12896.0,12896.0,12896.0,12896.0,12896.0,12896.0,12896.0,12896.0,12896.0,12896.0,12896.0,12896.0,12896.0,12896.0,12896.0,12896.0,12896.0,12896.0,12896.0,12896.0,12896.0,12896.0,12896.0,12896.0,12896.0,12896.0,12896.0,12896.0,12896.0,12896.0,12896.0,12896.0,12896.0,12896.0,12896.0,12896.0,12896.0,12896.0,12896.0,12896.0,12896.0,12896.0,12896.0,12896.0,12896.0,12896.0,12896.0,12896.0,12896.0,12896.0,12896.0,12896.0,12896.0,12896.0,12896.0,12896.0,12896.0,12896.0,12896.0,12896.0,12896.0,12896.0,12896.0,12896.0,12896.0,12896.0,12896.0,12896.0,12896.0,12896.0,12896.0,12896.0,12896.0,12896.0,12896.0,12896.0,12896.0,12896.0,12896.0,12896.0,12896.0,12896.0,12896.0,12896.0,12896.0,12896.0,12896.0,12896.0,12896.0,12896.0,12896.0,12896.0,12896.0,12896.0,12896.0,12896.0,12896.0,12896.0,12896.0,12896.0,12896.0,12896.0,12896.0,12896.0,12896.0,12896.0,12896.0,12896.0,12896.0,12896.0,12896.0,12896.0,12896.0,12896.0,12896.0,12896.0,12896.0,12896.0,12896.0,12896.0,12896.0,12896.0,12896.0,12896.0,12896.0,12896.0,12896.0,12896.0,12896.0,12896.0,12896.0,12896.0,12896.0,12896.0,12896.0,12896.0,12896.0,12896.0,12896.0,12896.0,12896.0,12896.0,12896.0,12896.0,12896.0,12896.0,12896.0,12896.0,12896.0,12896.0,12896.0,12896.0,12896.0,12896.0,12896.0,12896.0,12896.0,12896.0,12896.0,12896.0,12896.0,12896.0,12896.0,12896.0,12896.0,12896.0,12896.0,12896.0,12896.0,12896.0,12896.0,12896.0,12896.0,12896.0,12896.0,12896.0,12896.0,12896.0,12896.0,12896.0,12896.0,12896.0,12896.0,12896.0,12896.0,12896.0,12896.0,12896.0,12896.0,12896.0,12896.0,12896.0,12896.0,12896.0,12896.0,12896.0,12896.0,12896.0,12896.0,12896.0,12896.0,12896.0,12896.0,12896.0,12896.0,12896.0,12896.0,12896.0,12896.0,12896.0,12896.0,12896.0,12896.0,12896.0,12896.0,12896.0,12896.0,12896.0,12896.0,12896.0,12896.0,12896.0,12896.0,12896.0,12896.0,12896.0,12896.0,12896.0,12896.0,12896.0,12896.0,12896.0,12896.0,12896.0,12896.0,12896.0,12896.0,12896.0,12896.0,12896.0,12896.0,12896.0,12896.0,12896.0,12896.0,12896.0,12896.0,12896.0,12896.0,12896.0,12896.0,12896.0,12896.0,12896.0,12896.0,12896.0,12896.0,12896.0,12896.0,12896.0,12896.0,12896.0,12896.0,12896.0,12896.0,12896.0,12896.0,12896.0,12896.0,12896.0,12896.0,12896.0,12896.0,12896.0,12896.0,12896.0,12896.0,12896.0,12896.0,12896.0,12896.0,12896.0,12896.0,12896.0,12896.0,12896.0,12896.0,12896.0,12896.0,12896.0,12896.0,12896.0,12896.0,12896.0,12896.0,12896.0,12896.0,12896.0,12896.0,12896.0,12896.0,12896.0,12896.0,12896.0,12896.0,12896.0,12896.0,12896.0,12896.0,12896.0,12896.0,12896.0,12896.0,12896.0,12896.0,12896.0,12896.0,12896.0,12896.0,12896.0,12896.0,12896.0,12896.0,12896.0,12896.0,12896.0,12896.0,12896.0,12896.0,12896.0,12896.0,12896.0,12896.0,12896.0,12896.0,12896.0,12896.0,12896.0,12896.0,12896.0,12896.0,12896.0,12896.0,12896.0,12896.0,12896.0,12896.0,12896.0,12896.0,12896.0,12896.0,12896.0,12896.0,12896.0,12896.0,12896.0,12896.0,12896.0,12896.0,12896.0,12896.0,12896.0,12896.0,12896.0,12896.0,12896.0,12896.0,12896.0,12896.0,12896.0,12896.0,12896.0,12896.0,12896.0,12896.0,12896.0,12896.0,12896.0,12896.0,12896.0,12896.0,12896.0,12896.0,12896.0,12896.0,12896.0,12896.0,12896.0,12896.0,12896.0,12896.0,12896.0,12896.0,12896.0,12896.0,12896.0,12896.0,12896.0,12896.0,12896.0,12896.0,12896.0,12896.0,12896.0,12896.0,12896.0,12896.0,12896.0,12896.0,12896.0,12896.0,12896.0,12896.0,12896.0,12896.0,12896.0,12896.0,12896.0,12896.0,12896.0,12896.0,12896.0,12896.0,12896.0,12896.0,12896.0,12896.0,12896.0,12896.0,12896.0,12896.0,12896.0,12896.0,12896.0,12896.0,12896.0,12896.0,12896.0,12896.0,12896.0,12896.0,12896.0,12896.0,12896.0,12896.0,12896.0,12896.0,12896.0,12896.0,12896.0,12896.0,12896.0,12896.0,12896.0,12896.0,12896.0,12896.0,12896.0,12896.0,12896.0,12896.0,12896.0,12896.0,12896.0,12896.0,12896.0,12896.0,12896.0,12896.0,12896.0,12896.0,12896.0,12896.0,12896.0,12896.0,12896.0,12896.0,12896.0,12896.0,12896.0,12896.0,12896.0,12896.0,12896.0,12896.0,12896.0,12896.0,12896.0,12896.0,12896.0,12896.0,12896.0,12896.0,12896.0,12896.0,12896.0,12896.0,12896.0,12896.0,12896.0,12896.0,12896.0,12896.0,12896.0,12896.0,12896.0,12896.0,12896.0,12896.0,12896.0,12896.0,12896.0,12896.0,12896.0,12896.0,12896.0,12896.0,12896.0,12896.0,12896.0,12896.0,12896.0,12896.0,12896.0,12896.0,12896.0,12896.0,12896.0,12896.0,12896.0,12896.0,12896.0,12896.0,12896.0,12896.0,12896.0,12896.0,12896.0,12896.0,12896.0,12896.0,12896.0,12896.0,12896.0,12896.0,12896.0,12896.0,12896.0,12896.0,12896.0,12896.0,12896.0,12896.0,12896.0,12896.0,12896.0,12896.0,12896.0,12896.0,12896.0,12896.0,12896.0,12896.0,12896.0,12896.0,12896.0,12896.0,12896.0,12896.0,12896.0,12896.0,12896.0,12896.0,12896.0,12896.0,12896.0,12896.0,12896.0,12896.0,12896.0,12896.0,12896.0,12896.0,12896.0,12896.0,12896.0,12896.0,12896.0,12896.0,12896.0,12896.0,12896.0,12896.0,12896.0,12896.0,12896.0,12896.0,12896.0,12896.0,12896.0,12896.0,12896.0,12896.0,12896.0,12896.0,12896.0,12896.0,12896.0,12896.0,12896.0,12896.0,12896.0,12896.0,12896.0,12896.0,12896.0,12896.0,12896.0,12896.0,12896.0,12896.0,12896.0,12896.0,12896.0,12896.0,12896.0,12896.0,12896.0,12896.0,12896.0,12896.0,12896.0,12896.0,12896.0,12896.0,12896.0,12896.0,12896.0,12896.0,12896.0,12896.0,12896.0,12896.0,12896.0,12896.0,12896.0,12896.0,12896.0,12896.0,12896.0,12896.0,12896.0,12896.0,12896.0,12896.0,12896.0,12896.0,12896.0,12896.0,12896.0,12896.0,12896.0,12896.0,12896.0,12896.0,12896.0,12896.0,12896.0,12896.0,12896.0,12896.0,12896.0,12896.0,12896.0,12896.0,12896.0,12896.0,12896.0,12896.0,12896.0,12896.0,12896.0,12896.0,12896.0,12896.0,12896.0,12896.0,12896.0,12896.0,12896.0,12896.0,12896.0,12896.0,12896.0,12896.0,12896.0,12896.0,12896.0,12896.0,12896.0,12896.0,12896.0,12896.0,12896.0,12896.0,12896.0,12896.0,12896.0,12896.0,12896.0,12896.0,12896.0,12896.0,12896.0,12896.0,12896.0,12896.0,12896.0,12896.0,12896.0,12896.0,12896.0,12896.0,12896.0,12896.0,12896.0,12896.0,12896.0,12896.0,12896.0,12896.0,12896.0,12896.0,12896.0,12896.0,12896.0,12896.0,12896.0,12896.0,12896.0,12896.0,12896.0,12896.0,12896.0,12896.0,12896.0,12896.0,12896.0,12896.0,12896.0,12896.0,12896.0,12896.0,12896.0,12896.0,12896.0,12896.0,12896.0,12896.0,12896.0,12896.0,12896.0,12896.0,12896.0,12896.0,12896.0,12896.0,12896.0,12896.0,12896.0,12896.0,12896.0,12896.0,12896.0,12896.0,12896.0,12896.0,12896.0,12896.0,12896.0,12896.0,12896.0,12896.0,12896.0,12896.0,12896.0,12896.0,12896.0,12896.0,12896.0,12896.0,12896.0,12896.0,12896.0,12896.0,12896.0,12896.0,12896.0,12896.0,12896.0,12896.0,12896.0,12896.0,12896.0,12896.0,12896.0,12896.0,12896.0,12896.0,12896.0,12896.0,12896.0,12896.0,12896.0,12896.0,12896.0,12896.0,12896.0,12896.0,12896.0,12896.0,12896.0,12896.0,12896.0,12896.0,12896.0,12896.0,12896.0,12896.0,12896.0,12896.0,12896.0,12896.0,12896.0,12896.0,12896.0,12896.0,12896.0,12896.0,12896.0,12896.0,12896.0,12896.0,12896.0,12896.0,12896.0,12896.0,12896.0,12896.0,12896.0,12896.0,12896.0,12896.0,12896.0,12896.0,12896.0,12896.0,12896.0,12896.0,12896.0,12896.0,12896.0,12896.0,12896.0,12896.0,12896.0,12896.0,12896.0,12896.0,12896.0,12896.0,12896.0,12896.0,12896.0,12896.0,12896.0,12896.0,12896.0,12896.0,12896.0,12896.0,12896.0,12896.0,12896.0,12896.0,12896.0,12896.0,12896.0,12896.0,12896.0,12896.0,12896.0,12896.0,12896.0,12896.0,12896.0,12896.0,12896.0,12896.0,12896.0,12896.0,12896.0,12896.0,12896.0,12896.0,12896.0,12896.0,12896.0,12896.0,12896.0,12896.0,12896.0,12896.0,12896.0,12896.0,12896.0,12896.0,12896.0,12896.0,12896.0,12896.0,12896.0,12896.0,12896.0,12896.0,12896.0,12896.0,12896.0,12896.0,12896.0,12896.0,12896.0,12896.0,12896.0,12896.0,12896.0,12896.0,12896.0,12896.0,12896.0,12896.0,12896.0,12896.0,12896.0,12896.0,12896.0,12896.0,12896.0,12896.0,12896.0,12896.0,12896.0,12896.0,12896.0,12896.0,12896.0,12896.0,12896.0,12896.0,12896.0,12896.0,12896.0,12896.0,12896.0,12896.0,12896.0,12896.0,12896.0,12896.0,12896.0,12896.0,12896.0,12896.0,12896.0,12896.0,12896.0,12896.0,12896.0,12896.0,12896.0,12896.0,12896.0,12896.0,12896.0,12896.0,12896.0,12896.0,12896.0,12896.0,12896.0,12896.0,12896.0,12896.0,12896.0,12896.0,12896.0,12896.0,12896.0,12896.0,12896.0,12896.0,12896.0,12896.0,12896.0,12896.0,12896.0,12896.0,12896.0,12896.0,12896.0,12896.0,12896.0,12896.0,12896.0,12896.0,12896.0,12896.0,12896.0,12896.0,12896.0,12896.0,12896.0,12896.0,12896.0,12896.0,12896.0,12896.0,12896.0,12896.0,12896.0,12896.0,12896.0,12896.0,12896.0,12896.0,12896.0,12896.0,12896.0,12896.0,12896.0,12896.0,12896.0,12896.0,12896.0,12896.0,12896.0,12896.0,12896.0,12896.0,12896.0,12896.0,12896.0,12896.0,12896.0,12896.0,12896.0,12896.0,12896.0,12896.0,12896.0,12896.0,12896.0,12896.0,12896.0,12896.0,12896.0,12896.0,12896.0,12896.0,12896.0,12896.0,12896.0,12896.0,12896.0,12896.0,12896.0,12896.0,12896.0,12896.0,12896.0,12896.0,12896.0,12896.0,12896.0,12896.0,12896.0,12896.0,12896.0,12896.0,12896.0,12896.0,12896.0,12896.0
,,,,,,,,,,,,,,,,,,,,,,,,,,,,,,,,,,,,,,,,,,,,,,,,,,,15671.0,,,,,,,,,,,,,,,,,,,,,,,,,,,,,,,,,,,,,,,,,,,,,,,,,,,,,,,,,,,,,,,,,,,,,,,,,,,,,,,,,,,,,,,,,,,,,,,,,,,15671.0,,,15587.0,,,,,,,,,,,,,,,,,,,,,,,,,,,,,,,,,,,16824.0,,,,,,,,,,,,,,,,,,,,,,,,,,,,,,,,,,,,,,,,,,,,,,,,,,,,,,,,,,,,,,,,,,,,,16812.0,,,,,,,,,,,,,,,,,,,,,,,,,,,,,,,,,,,,,,,,,,,,,,,,,,,,,,,,,,,,15559.0,,,,,,,,,15183.0,,,,,,,,,,,,,,,,,,,,,,,,,,,15671.0,,,,,,,,,,,,,,,,,,,,,,,,,,,,,,,,,,,,,,,,,,,,,,,,,,,,,,15671.0,,,,,,,,,,,,,,,,,,,,,,,,,,,,,14102.0,,,,,,,,,,,,,,,,,,,,,,,,,,,,,,,,,,,,,,,,,,,,,,,,,,,,,,,,,,,,,,,,,,,,,,,,,,,,,,,,,,,,,,,,,,,,,,,,,,,,,,,,,,,,,,,,,,,,,,,,,,,,,,,,15738.0,,,,,,,,,,,,,,,,,,,,,,,,13145.0,,,,,,,,,,,,,18268.0,,,,,,,,,,14372.0,,,,,,,,,,,,,,,14496.0,,,,,,,,,,,,,,,,,,,,,,,,,,,,,,,,,,,,,,,,,,,,,,,,,,,,,,,,,,,,,,,,,,,,,,,,,,,,,,,,,,,,,,,,,,,,,,,13990.0,,,,,,,,,,,,,,,,,,,,,,16811.0,,,,,,,,,17957.0,,,,,,,,,,,,,,,,,,,,,,,,,17992.0,,,,,,,,,,,,,,,,,,,,,,,,,,,,,,,12913.0,,,,,,,,,,,,15988.0,,,,,,,,,,,,,,,,,,,,,,,,,,,,,,,14496.0,,,,,,,,,,,,,,,,,,,,,,,,,,,,,,,,14609.0,,,,,,,14080.0,,,,,,,,,,,,,,,,,,,,,,,,,,,,,16815.0,,,,,,,,13299.0,,,,,,,,,,,,,,,,,,,,,,,,,,,,,,,,,,,,,,,14609.0,,,,,,,,,,,,,,,,,,,,,,,,,,,,,,,,,18351.0,,17597.0,,,,,,,12896.0,,,,14402.0,,,,,,,,,15989.0,18351.0,,,,,,,,,,,,,,,,,,,,,,,,,,,,,,,,,,,,,,,,,,,,,,,,,,,,,,,,,,,,,,,,,,,,,,17616.0,,,,,,,,,18351.0,,,,,,,,,,,,,,,,,,,,,,,,,,,,,,,,,,,,,,,,,,,,,,,15168.0,,,,,,,,,,,,18351.0,,18351.0,,,,,,,,,,18351.0,,,,,,,,,,,,,,,,,17528.0,,,,,,,,,,,,,13803.0,,,,,,,,,,,,,,,,,,,,,,,,,,,,,,,,,,,,,,,,,,,,,,,,,,,,,,,,,18351.0,,,18351.0,,,,,,,,,12965.0,,,,,,,,,,,,,,,,,,,,,,,,,,,,,,,,,,,,,,,,,,,,,13024.0,,18351.0,,,18351.0,,,,,,,,,,,,,,,,,,,,,,,,,,,,13240.0,,,,,,,,,,,,,,,,,,,,,,,,,,,,,,,,,,,,,,,,,,,,14420.0,,,,,,,,,,,,,,18351.0,,,,,,,14520.0,17674.0,,,,,,,,,,,,,,,,,,,,,,,,,,,,,,,,18351.0,,,,,,,,,,,18351.0,,,,,,,,,,,,,,,,,,,,,,,,,,,,,,,,,,,12896.0,,,,18351.0,,,,,,,,,,,,,,,,,,,,,18351.0,,18351.0,,,13199.0,12913.0,,,,,,,,,,18345.0,,,,,,,,,,,,,,,,,,,,,,,,,,,,,,,,,,,,,,,,,18351.0,,,,,,,,,18351.0,,,,13238.0,18351.0,,,,,,,,,,,,,,,,,,,,,13619.0,,,,,,,,,,,,,,17597.0,,,,,,,18351.0,,,,,,,,,,,,,18351.0,,,,,,,,,,,,,,,,,,,,,,,,,,,,,,,,,,,,,,,,,,,,,,,,,,,,,,,,18351.0,,,,,,,,,,,13714.0,,,,,,,18351.0,,,,,,18351.0,,,,,,,14904.0,,,18351.0,,14402.0,,17892.0,15989.0,,,,,18351.0,,,,,,,,,,,,,,,,,,,,,,,,,,,,,,,,,,,,,,,,,,,,,,14801.0,,,,,,14801.0,,,14801.0,,,13771.0,14801.0,,,,,,,,,,,,,13199.0,,,,,,,,,,,,,,,,,,,13771.0,,,,,,14801.0,,,13771.0,,,,,,16722.0,,,,,,,,14801.0,,16368.0,,,,,,,,,,,,,,,,,,,,,,,,,,,,,,,,,,,,,,,,,,,,,,,17616.0,,,,,,,,,,,,,,,,,,17616.0,,,,,,,,,,,,,,,,,,,,,,,,15418.0,,,,,,,,,,,,15453.0,,,,,,,,,,,,,,,,,,,,,13743.0,,,,,,,,,,,,,,,,,,,,,,,,,,,,,,,,,,,,,,,,,,,,,,,,,,,,,,17616.0,,,,,,,,,,,,15418.0,,,,,,,,,,,,,,,,,,,,,,,,,,,,,,,,,,,,,,17043.0,,,,,,,,,,,,,,,,,,,,,,13743.0,,,,,,,,,,,,,,,,,,,,,,,,,,,,,,,,,,,,,,,,,,,,,,,15314.0,,,17043.0,,,,,,,,,,,17956.0,,,,,,,,,,,,,,,,,,,14168.0,,,,,,17616.0,,,,,,,,,,,,,,,,,,,,,15500.0,,,,,,,,,,,,,,,,,,,,,,,,,,,,15315.0,,,,,,,,,,,,,,,,,,,,,,,,,,,,,,,,,,,,,,,,,,,,,,,,,,,,,,,,,,,14807.0,,,,,,,,,,,,,,,,,,,,,,,,,,,,,,,,,,,14807.0,,,,,,,,,,,,,,,,,,,,,,,,,,,,,,,,,,,,,,,,,,,,,,,,,,,,,,,,,,,,,,,,,,,,,,,,,,,,,,,,,,,,,,,,16215.0,,,,,,,,,,,,,,,,,,,,,,,,,,,,,,,,,,,,,,,,,,,,,,,,,,,,13437.0,,,,,,,14807.0,,,,,,,,,,,,,,,17616.0,,,,,,,,,,,,,,,,,,,,,,,,,,,,,,,,,,,,,,,,,,,,,,,,,,,,,,,,,,,,,,,,,,,,,,,,,,,,,,15989.0,,,,,,,,,,,,,14877.0,,,,,,,,,,,,,,,,14877.0,,,,,,,,,,,17418.0,,,,,,,,,,,,,,,,,,,,,,,,,,,,,,,,,,,,,,,,,,,,,,,,,,,,,,,,,,,,,,,13756.0,,14877.0,,,,,,,13230.0,,,,,,,,,,,,,,,,,,,,,,,,,,,,,,13743.0,,,17616.0,,,,,,,,,14877.0,,,,,,,,,,,,,,14877.0,,,,,,,,,,,,,,,,,,,,,,,,,,,14877.0,,,,,,,,,,,,,,,,,,,,,,,,,,,,,,,,,,,,,,,,,,17616.0,,,,,,,,,,,,,,,,,14402.0,,,,,,,,,,,,,,,,,,,,,,,,,,,,,,,,,,,,,,,,,,,,,,15989.0,,,,,,,,,,,,,17616.0,,,,,,,,,,,,,,,,,,,,,,,,,,,,,,,,,,,,,,,,,,,,,,,,,,,,,,,,,,,,,,,,14877.0,,,,,,,,,,,,,,,,,,,,,,,,,,,,,,14877.0,,,,,,,,,,,,,,,,,,,,,,,17616.0,,,,,,,,,,,,,,,,,,,,,,,,,,,,,,,,,,,,,,,,,,,,,,,,,,,,,,,,,,,,,14877.0,,,,,,,,,14520.0,,,,,,,,,,,,,,,,,,,14877.0,,,,,,,,,,,,,,,,,,,,,,,,14877.0,,,,,,,14877.0,,,,,,,,,,,,,,,,,,,,,,,,,,,,14877.0,,,,,,,,,,,,,,,,,,,,,,,,,,,,,,,,,,,,,,,,,,,,,,,,,,,14877.0,,,,,,,,,,,,,,,,,,,,,,,,,,,,,,,,,,,,,,,,,,,,,,,,,,,,,,,,,,,,,,,,,,,,,,,,,,,,,,,,,,,,,,,,,,,,,,,,,,,,13280.0,,,,,,,,,,,,,,,,,,,,16215.0,,,,,,,,,,,,,,,,,,,,,,,,,,,,,,,,,,,,,,,,,,,,,,,,,,,,,,,,,,,,,,,,,,,,,,,,,,,,,13743.0,,,,,,,,,,,14877.0,,,,,,,,,,,,,,,,,,,,,,,,,,,,,,,,,,,,,,,17418.0,14402.0,,,,,,,,,,,,,,,,,,,,,,,,,15902.0,,,,,,,,,,,,,,,,,,,,,,,,,,,,,,,,,,,,,,,,,,,,,,,,,,,,,,,,,,,,,,,,,,14159.0,,,,,,,,,,,,,,,,,,,,,,,,,,,,,,,,,,,,,,,,,,,,,,,,,,,,,,,,,,,,,,,,,,,,,,,,,,,,,,,,,14877.0,,,,,,,,,,,,,,,,,,,,,,,,,,,,,,,,,,,,,,,,,,,,,,,,,,,,,,,,,,,,,,,,,,,,,,,,,,,,,,,,,14877.0,,,,,,,,,,,,,,,,,,,,,,,,,,,,,,,,,,,,,,,,,,,,,,,,,,,,,,,,,,,,,,,,,,,,,,,,,,,,,,14469.0,,,,,,,,,,,,,,,,,,,,14877.0,,,,,,,,,,,,,,,,,,,,,,,,,,,,,,,,,,,,,,17956.0,,,,,,,,,,,17616.0,,,,,,,,,,,,,,,,,,,,,,,,,,,,,,,,,,,,,,,,,,,,,,,,,,,,,,,,,,,,,,,14877.0,,,,,,,,,,,,,,,,,,,,,,14877.0,,,,,,,,,,,,,,,,,,,,,,,,,,,,,,,,,16616.0,,,,,,,,,,,,,,,,,,,,,,,,,,,,,,,,,,,,,,,,,,,,,,,,,,,,,,,,,,,,,,,,,,,,,,,,,,,14877.0,,,,,,,,,,,,,,,,,,,,,,,,,,,,,,,,,,17616.0,,,,,,,,,,,,,,,,,,,,,,,,,,,,,,,,,,,,,17185.0,,,17043.0,,,14877.0,,,,,,,,,,,,,,,,,,,,,,,,,,,,,,,,,,,,,,,,,,,,,,,,,,,,,,,,,,,,,,,,,,,,,,,,,,,,,,,,,,,,,,,,,,,,,,,,,,,,,,,14877.0,,14877.0,,,,,,,,,,,,,,,,,,,,,,,,,,,,,14877.0,,,,,,,,,,,,,,,,,,,,,,,,,,,,,,,,,,,,,,,,,,,,,,,,,,,,,16722.0,,,,16505.0,,,,,,,,,,,,,,,,,,,,,,,,,,,,,,,,,,,,,,,,,,,,,,,,,,,,,17616.0,,,,,,,,,,,,,,,,,,,,,,,,,,,,,,,,,,,,,,,,,17616.0,,,,,,14877.0,,,,,,,,,,,,,,,,,,,,,,,,,,14877.0,,,,,,,,,,,,,,,,,,,,,,,,,,,,,,,,,,,,,,,,,,,,,,,,14877.0,,,14877.0,,,,,,,,,,,,,,,,,13743.0,,,,,,,,,,,,,,,,,,,,,,,,,,,,14877.0,,,,,,,,,,,,,,,,,,,,,,,,,,,,,,,,,,,,,,,,,,,,,,,,,,,,,,,,,,,,,,,,,,,,,,,,,,,,,,,,,,,,13240.0,,,,,,,,,14877.0,,,,,,,,,,,,,,,,,,,,,,,,17616.0,,,,,14877.0,,,,,14807.0,,,,,,,,,,14877.0,,,,,,,,,,,,,,,,,,,,,,,,,,,,,,,,,,,,,,,,,,,,,,,,,,,,,,,,,,,,14807.0,,,,,,,,,,,,,,,,,,,,,,,,,,,,,,,,,,,,,,,,,,,,,,,,,,,,,,,,,,,,,,,,,,,,,,,,,,,,,,,,,,,,,,,,,,,,,,,,,,,,,,,,,,,,,,,,,,,,,,,,,,,,,,,,,,,,,,,,,,,,,,,,,,,,,,,,,,,,,,,,,,,,,,,,,,,,,14877.0,,,,,,,,,,,,,,,,,,,,,,,,,,,,,,,,,,,,,,,,17956.0,,,,,,,,,,,,,,,,,,,,,,,,,,,,,,,,,,,,,,,,,,,,17043.0,,14877.0,,,,,,
,,,,,,,,,,,,,,,,,,,,,,,,,,,,,,,,,,,,,,,,,,,,,,,,,,,,,,,,,,,,,,,,,,,,,,,,,,,,,,,,,,,,,,,,,,,,,,,,,,,,,,,,,,,,,,,,,,,,,,,,,,,,,,,,,,,,,,,,,,,,,,,,,,,,,,,,,,,,,,,,,,,,,,,,,,,,,,,,,,,,,,,,,,,,,,,,,,,,,,,,,,,,,,,,,,,,,,,,,,,,,,,,,,,,,,,,,,,,,,,,,,,,,,,,,,,,,,,,,,,,,,,,,,,,,,,,,,,,,,,,,,,,,,,,,,,,,,,,,,,,,,,,,,,,,,,,,,,,,,,,,,,,,,,,,,,,,,,,,,,,,,,,,,,,,,,,,,,,,,,,,,,,,,,,,,,,,,,,,,,,,,,,,,,,,,,,,,,,,,,,,,,,,,,,,,,,,,,,,,,,,,,,,,,,,,,,,,,,,,,,,,,,,,,,,,,,,,,,,,,,,,,,,,,,,,,,,,,,,,,,,,,,,,,,,,,,,,,,,,,,,,,,,,,,,,,,,,,,,,,,,,,,,,,,,,,,,,,,,,,,,,,,,,,,,,,,,,,,,,,,,,,,,,,,,,,,,,,,,,,,,,,,,,,,17682.0,,,,,,,,,,,,,,,,,,,,,,,,,,,,,,,,,,,,,,16742.0,,,,,,,,,,,,,,,,,,,,,,,,,,,,,,,,,,,,,,,,,,,,,,,,,,,,,,,,,,,,,,,,,,,,,,,,,,,,,,,,,,,,,,,,,,,,,,,,,,,,,,,,,,,,,,,,,,,,,,,,,,,,,,,,,,,,,,,,,,,,,,,,,,,,,,,,,,,,,,,,,,,,,,,,,,,,,,,,,,,,,,,,,,,,,,,,,,16772.0,,,,,,,,,,,,,,,,,,,,,,,,,,,,,,,15001.0,,,,,,,,,,,,,,,,,,,,,,,,,,,,,,,,14777.0,,,,,,,,,,,,,,,,,,,,,,,,,,,,,,,,,,,,,,,,,,,,17615.0,,,,,,,,,,,,,,,,,,,,,,,,,,,,,,,,,,,,,,,14777.0,,,,,,,,,,,,,,,,,,,,,,,,,,,,,,,,,,,18351.0,,,,,,,,,,,15989.0,,,,,,,,,,,,,,,,,,,,,,,,,,,,,,,,,,,,,,,,,,,,,,,,,,,,,,,,,,,,,,,,,,,,,,,,,,,,,,,,,,,,,,,,,,,,,,,,,,,,,,,,,,,,,,,,,,,,,,,,,,,,,,,,,,,,,,,,,,,,,,,,,,,,,,,,,,,,,,,,,,,,,,,,,,,,,,,,,,,,,,,,,,,,,,16389.0,,,,,,,,,,,,,,,,,,,,,,,,,,,,,,,,,,,,,,,,,,,,,,,,,,,,,,,,,,,,,,,,,,,,,18249.0,,,,,,,,,,,,,,,,,,,,,,,,,,,,,,,,,,,,,,,,,,,,,14988.0,,,,,,,,,,,,,,,,,,,,,,,,,,,,,,,,,,,,,,,,,,,,,,,,,,,,,,,,,,,,,,,,,,,,,,,,,,,,,18351.0,,,,,,,,,,,,,,,,,,,,,,,,,,,,,,,,,,,,,,,,,,,,,,,,,,,,,,,,,,,,,,,,,,,,,,,,,,,,,,,,,,,,,,,,,,,,,,,,,,,,,,,,,,,,,,,,,,,,,,,,,,,,,,,,,,,13768.0,,,,,,,,,,,,,,,,,,,,,,,,,,,,,,,,,,,,,,,,,,,,,,,,,,,,,,,,,,,,,,,,,,,,,,,,,,,,,,,,,,,,,,,,,,,,,,,,,,,,,,,,,,,,,,,,,,,,,,,,,,,,,,,,,,,,,,,,,,,,,,,,,,,,,,,,,,,,,,,,,,,,,,,,,,,,,,,,,,,,,,,,,,,17242.0,,,,,,,,,,,,,,,,,,,,,,,,,,,,,,,,,,,,,,,,,,,,,,,,,,,,,,,,,,,,,,,,,,,,,,,,,,,,,,,,,,,,,,,,,,,14801.0,,,,,,,,,,,,,,,,,,,,,,,,,,,,,,,,,,,,,,,,,,14801.0,,,,,,17367.0,,,,,,,,,,,,,,,,,,,,,,,,,,,,,,,,,,,,,,,,,,,,,,,,,,,,,,,,,,,,,,,,,,,,,,,,,,,,,,,,,,,,,,,,,,,,,,,,,,,,,,,,,,,,,,,,,,,,,,,,,,,,,,,,,,,,,,,,,,,,,,,,,,,,,,,,,,,,,,,,,,,,,,,,,,,,,,,,,,,,,,,,,,,,,,,,,,,,,,,,,,,,,,,,,,,,,,,,,,,,,,,,,,,,,,,,,,,,,,,,,,,,,,,,,,,,,,,,,,,,,,,,,,,,,,,,,,,,,,,,,,,,,,,,,,,,,,,,,,,,,,,,,,,,,,,,,,,,,,,,,,,,,,,,,,,,,,,,,,,,,,,,,,,,,,,,,,,,,,,,,,,,,16134.0,,,,,,,,,,,,,,,,,,,,,,,,,,,,,,,,,,,,,,,,,,,,,,,,,,,,,,,,,,,,,,,,,,,,,,,,,,,,,,,,,,,,,,,,,,,,,,,,,,,,,,,,,,,,,,,,,,,,,,,,,,,,,,,,,,,,,,,,,,,,,,,,,,,,,,,,,,,,,,,,,,,,,,,,,,,,,,,,,,,,,,,,,,,,,,,,,,,,,,,,,,,,,,,,,,,,,,,,,,,,,,,,,,,,,,,,,,,,,,,,,,,,,,,,,,,,,,,,,,,,,,,,,,,,,,,,,,,,,,,,,,,,,,,,,,,,,,,,,,,,,,,,,,,,,,,,,,,,,,,,,,,,,,,,,,,,,,,,,,,,,,,,,,,,,,,,,,,,,,,,,,,,,,,,,,,,,,,15763.0,,,,,,,,,,,,,,,,15763.0,,,,,,,,,,,,,,,,,,,,,,,,,,,,,,,,,,,,,,,,,,,,,,,,,,,,,,,,,,,,,,,,,,,,,,,,,,,,15763.0,,,,,,,,,,,,,,,,,,,,,,,,,,,,,,,,,,,,,14061.0,,,,,,,,,,,,15763.0,,,,,,,,,,,,,,15763.0,,,,,,,,,,,,,,,,,,,,,,,,,,,15018.0,,,,,,,,,,,,,,,,,,,,,,,,,,,,,,,,,,,,,,,,,,,,,,,,,,,,,,,,,,,15989.0,,,,,,,,,,,,,,,,,,,,,,,,,,,,,,,,,,,,,,,,,,,,,,,,,,,,,,,,,,,,,,,,,,,,,,,,,,,,,,,,,,,,,,,,,,,,,,,,,,,,,,,,,,,,,,,,,,,,,,,,,,,15183.0,,,,,,,,,,,,,,,,,,,,,,,,,,,,,,15763.0,,,,,,,,,,,,,,,,,,,,,,,,,,,,,,,,,,,,,,,,,,,,,,,,,,,,,,,,,,,,,,,,,,,,,,,,,,,,,,,,,,,,15763.0,,,,,,,,,,,,,,,,,,,,,,,,,,,,15050.0,,,,,,,,,,,,,,,,,,,,,,,,15763.0,,,,,,,15763.0,,,,,,,,,,,,,,,,,,,,,,,,,,,,15763.0,,,,,,,,,,,,,,,,,,,,,,,,,,,,,,,,,,,,,,,,,,,,,,,,,,,15763.0,,,,,,,,,,,,,,,,,,,,,,,,,,,,,,,,,,,,,,,,,,,,,,,,,,,,,,,,,,,,,,,,,,,,,,,,,,,,,,,,,,,,,,,,,,,,,,,,,,,,14598.0,,,,,,,,,,,,,,,,,,,,,,,,,,,,,,,,,,,,,,,,,,,,,,,,,,,,,,,,,,,,,,,,,,,,,,,,,,,,,,,,,,,,,,,,,,,,,,,,,,,,,,,,,,,,15763.0,,,,,,,,,,,,,,,,,,,,,,,,,,,,,,,,,,,,,,,,,,,,,,,,,,,,,,,,,,,,,,,,,,,,,,,,,,,,,,,,,,,,,,,,,,,,,,,,,,,,,,,,,,,,,,,,,,,,,,,,,,,,,,,,,,,,,,,,,,,,,,,,,,,,,,,,,,,,,,,,,,,,,,,,,,,,,,,,,,,,,,,,,,,,,,,,,,,,,,,,,,,,,,,,,,,,15763.0,,,,,,,,,,,,,,,,,,,,,,,,,,,,,,,,,,,,,,,,,,,,,,,,,,,,,,,,,,,,,,,,,,,,,,,,,,,,,,,,,15763.0,,,,,,,,,,,,,,,,,,,,,,,,,,,,,,,,,,,,,,,,,,,,,,,,,,,,,,,,,,,,,,,,,,,,,,,,,,,,,,,,,,,,,,,,,,,,,,,,,,15763.0,,,,,,,,,,,,,,,,,,,,,,,,,,,,,,,,,,,,,,,,,,,,,,,,,,,,,,,,,,,,,,,,,,,,,,,,,,,,,,,,,,,,,,,,,,,,,,,,,,,,,,,,,,,,,,,,15763.0,,,,,,,,,,,,,,,,,,,,,,15763.0,,,,,,,,,,,,,,,,,,,,,,,,,,,,,,,,,17406.0,,,,,,,,,,,,,,,,,,,,,,,,,,,,,,,,,,,,,,,,,,,,,,,,,,,,,,,,,,,,,,,,,,,,,,,,,,,15763.0,,,,,,,,,,,,,,,,,,,,,,,,,,,,,,,,,,,,,,,,,,,,,,,,,,,,,,,,,,,,,,,,,,,,,,,,,,,,,15763.0,,,,,,,,,,,,,,,,,,,,,,,,,,,,,,,,,,,,,,,,,,,,,,,,,,,,,,,,,,,,,,,,,,,,,,,,,,,,,,,,,,,,,,,,,,,,,,,,,,,,,,,15763.0,,15763.0,,,,,,,,,,,,,,,,,,,,,,,,,,,,,15763.0,,,,,,,,,,,,,,,,,,,,,,,,,,,,,,,,,,,,,,,,,,,,,,,,,,,,,17367.0,,,,17579.0,,,,,,,,,,,,,,,,,,,,,,,,,,,,,,,,,,,,,,,,,,,,,,,,,,,,,,,,,,,,,,,,,,,,,,,,,,,,,,,,,,,,,,,,,,,,,,,,,,,,15763.0,,,,,,,,,,,,,,,,,,,,,,,,,,15763.0,,,,,,,,,,,,,,,,,,,,,,,,,,,,,,,,,,,,,,,,,,,,,,,,15763.0,,,15763.0,,,,,,,,,,,,,,,,,16503.0,,,,,,,,,,,,,,,,,,,,,,,,,,,,15763.0,,,,,,,,,,,,,,,,,,,,,,,,,,,,,,,,,,,,,,,,,,,,,,,,,,,,,,,,,,,,,,,,,,,,,,,,,,,,,,,,,,,,,,,,,,,,,15763.0,,,,,,,,,,,,,,,,,,,,,,,,,,,,,15763.0,,,,,,,,,,,,,,,15763.0,,,,,,,,,,,,,,,,,,,,,,,,,,,,,,,,,,,,,,,,,,,,,,,,,,,,,,,,,,,,16121.0,,,,,,,,,,,,,,,,,,,,,,,,,,,,,,,,,,,,,,,,,,,,,,,,,,,,,,,,,,,,,,,,,,,,,,,,,,,,,,,,,,,,,,,,,,,,,,,,,,,,,,,,,,,,,,,,,,,,,,,,,,,,,,,,,,,,,,,,,,,,,,,,,,,,,,,,,,,,,,,,,,,,,,,,,,,,,15763.0,,,,,,,,,,,,,,,,,,,,,,,,,,,,,,,,,,,,,,,,,,,,,,,,,,,,,,,,,,,,,,,,,,,,,,,,,,,,,,,,,,,,,,15763.0,,,,,,
,,,,,,,,,,,,,,,,,,,,,,,,,,,,,,,,,,,,,,,,,,,,,,,,,,,,,,,,,,,,,,,,,,,,,,,,,,,,,,,,,,,,,,,,,,,,,,,,,,,,,,,,,,,,,,,,,,,,,,,,,,,,,,,,,,,,,,,,,,,,,,,,,,,,,,,,,,,,,,,,,,,,,,,,,,,,,,,,,,,,,,,,,,,,,,,,,,,,,,,,,,,,,,,,,,,,,,,,,,,,,,,,,,,,,,,,,,,,,,,,,,,,,,,,,,,,,,,,,,,,,,,,,,,,,,,,,,,,,,,,,,,,,,,,,,,,,,,,,,,,,,,,,,,,,,,,,,,,,,,,,,,,,,,,,,,,,,,,,,,,,,,,,,,,,,,,,,,,,,,,,,,,,,,,,,,,,,,,,,,,,,,,,,,,,,,,,,,,,,,,,,,,,,,,,,,,,,,,,,,,,,,,,,,,,,,,,,,,,,,,,,,,,,,,,,,,,,,,,,,,,,,,,,,,,,,,,,,,,,,,,,,,,,,,,,,,,,,,,,,,,,,,,,,,,,,,,,,,,,,,,,,,,,,,,,,,,,,,,,,,,,,,,,,,,,,,,,,,,,,,,,,,,,,,,,,,,,,,,,,,,,,,,,,,,,,,,,,,,,,,,,,,,,,,,,,,,,,,,,,,,,,,,,,,,,,,,,,,,,,,,,,,,,,,,,,,,,,,,,,,,,,,,,,,,,,,,,,,,,,,,,,,,,,,,,,,,,,,,,,,,,,,,,,,,,,,,,,,,,,,,,,,,,,,,,,,,,,,,,,,,,,,,,,,,,,,,,,,,,,,,,,,,,,,,,,,,,,,,,,,,,,,,,,,,,,,,,,,,,,,,,,,,,,,,,,,,,,,,,,,,,,,,,,,,,,,,,,,,,,,,,,,,,,,,,,15868.0,,,,,,,,,,,,,,,,,,,,,,,,,,,,,,,,,,,,,,,,,,,,,,,,,,,,,,,,,,,,,,,,,,,,,,,,,,,,,,,,,,,,,,,,,,,,,,,,,,,,,,,,,,,,,,,,,,,16436.0,,,,,,,,,,,,,,,,,,,,,,,,,,,,,,,,,,,,,,,,,,,,,,,,,,,,,,,,,,,,,,,,,,,,,,,,,,,,,,,,,,,,,,,,,,,,,,,,,,,,,,,,,,,,,,,,,,,,,,,,,,,,,,,,,,,,,,,,,,,,,,,,,,,,,,,,,,,,,,,,,,,,,,,,,,,,,,,,,,,,,,,,,,,,,,,,,,,,,,,,,,,,,,,,,,,,,,,,,,,,,,,,,,,,,,,,,,,,18351.0,,,,,,,,,,,,,,,,,,,,,,,,,,,,,,,,,,,,,,,,,,,,,,,,,,,,,,,,,,,,,,,,,,,,,,,,,,,,,,,,,,,,,,,,,,,,,,,,,,,,,,,,,,,,,,,,,,15522.0,,,,,,,,,,,,,,,,,,,,,,,,,,,,,,,,,,,,,,,,,,,,,,,,,,,,,,,,,,,,,,,,,,,,,,,,,,,,,,,,,,,,,,,,,,,,,,,,,,,,,,,,,,,,,,,,,,,,,,,,,,,,,,,,,,,,,,,,,,,,,,,,,,,,,,,,,,,,,,,,,,,,,,,,,,,,,,,,,,,,,,,,,,,,,,,,,,,,,,,,,,,,,,,,,,,,,,,,,,,,,,,,,,,,,,,,,,,,,,,,,,,,,,,,,,,,,,,,,,,,,,,,,,,,,,,,,,,,,,,,,,,,,,,,,,,,,,,,,,,,,,,,,,,,,,,,,,,,,,,,,,,,,,,,,,,,,,,,,,,,,,,,,,,,,,,,,,,,,,,,,,,,,,,,,,,,,,,,,,,,,,,,,,,,,,,,,,,18351.0,,,,,,,,,,,,,,,,,,,,,,,,,,,,,,,,,,,,,,,,,,,,,,,,,,,,,,,,,,,,,,,,,,,,,,,,,,,,,,,,,,,,,,,,,,,,,,,,,,,,,,,,,,,,,,,,,,,,,,,,,,,,,,,,,,,,,,,,,,,,,,,,,,,,,,,,,,,,,,,,,,,,,,,,,,,,,,,,,,,,,,,,,,,,,,,,,,,,,,,,,,,,,,,,,,,,,,,,,,,,,,,,,,,,,,,,,,,,,,,,,,,,,,,,,,,,,,,,,,,,,,,,,,,,,,,,,,,,,,,,,,,,,,,,,,,,,,,,,,,,,,,,,,,,,,,,,,,,,,,,,,,,,,,,,,,,,,,,,,,,,,,,,,,,,,,,,,,,,,,,,,,,,,,,,,,,,,,,,,,,,,,,,,,,,,,,,,,,,,,,,,,,,,,,,,,,,,,,,,,,,,,,,,,,,,,,,,,,,,,,,,,,,,,,,,,,,,,,,,,,,,,,,,,,,,,,,,,,,,,,,,,,,,,,,,,,,,,,,,,,,,,,,,,,,,,,,,,,,,,,,,,,,,,,,,,,,,,,,,,,,,,,,,,,,,,,,,,,,,,,,,,,,,,,,,,,,,,,,,,,,,,,,,,,,,,,,,,,,,,,,,,,,,,,,,,,,,,,,,,,,,,,,,,,,,,,,,,,,,,,,,,,,,,,,,,,,,,,,,,,,,,,,,,,,,,,,,,,,,,,,,,,,,,,,,,,,,,,,,,,,,,,,,,,,,,,,,,,,,,,,,,,,,,,,,,,,,,,,,,,,,,,,,,,,,,,,,,,,,,,,,,,,,,,,,,,,,,,,,,,,,,,,,,,,,,,,,,,,,,,,,,,,,,,,,,,,,,,,,,,,,,,,,,,,,,,,,,,,,,,,,,,,,,,,,,,,,,,,,,,,,,,,,,,,,,,,,,,,,,17110.0,,,,,,,,,,,,,,,,,,,,,,,,,,,,,,,,,,,,,,,,,,,,,,,,,,,,,,,,,,,,,,,,,,,,,,,,,,,,,,,,,,,,,,,,,,,,,,,,,,,,,,,,,,,,,,,,,,,,,,,,,,,,,,,,,,,,,,,,,,,,,,,,,,,,,,,,,,,,,,,,,,,,,,,,,,,,,,,,,,,,,,15763.0,,,,,,,,,,,,,,,,,,,,,,,,,,,,,,,,,,,,,,,,,,,,,,,,,,,,,,,,,,,,,,,,,,,,,,,,,,,,,,,,,,,,,,,,,,,,,,,,,,,,,,,,,,,,,,,,,,,,,,,,,,,,,,,,,,,,,,,,,,,,,,,,,,,,,,,,,,,,,,,,,,,,,,,,,,,,,,,,,,,,,,15763.0,,,,,,,,,,,,,,,,,,,,,,,,,,,,,,,,,,,,,,,,,,,,,,,,,,,,,,,,,,,,,,,,,,,,,,,,,,,,,,,,,,,,,,,,,,,,,,,,,,,,,,,,,,,,,,,,,,,,,,,,,,,,,,,,,,,,,,,,,,,,,,15291.0,,,,,,,,,,,,,,,,,,,,,,,,,,,,,,,,,,,,,,,,,,,,,,,,,,,,,,,,,,,,,,,,,,,,,,,,,,,,,,,,,,,,,,,,,,,,,,,,,,,,,,,,,,,,,,,,,,,,,,,,,,,,,,,,,,,,,,,,,,,,,,,,,,,,,,,,,,,,,,,,,,,,,,,,,,,,,,,,,,,,,,,,,,,,,,,,,,,,,,,,,,,,,,,,,,14877.0,,,,,,,,,,,,,,,,,,,,,,,,,,,,,,,,,,,,,,,,,,,,,,,,,,,,,,,,,,,,,,,,,,,,,,,,,,,,,,,,,,,,,,,,,,,,,,,,,,,,,,,,,,,,,,,,,,,,,,,,,,,,,,,,,,,,,,,,,,,,,,,,,,,,,,,,,,,,,,,,,,,,,,,,,,,,,,,,,,,,,,,,,,,,,,,,,,,,,,,,,,,,,,,,,,,,,,,,,,,,,,,,,,,,,,,,,,,,,,,,,,,,,,,,,,,,,,,,,,,,,,,,,,,,,,,,,,,,,,,,,,,,,,,,,,,,,,,,,,,,,,,,,,,,,,,,,,,,,,,,,,,,,,,,,,,,,,,,,,,,,,,,,,,,,,,,,,,,,,,,,,,,,,,,,,,,,,,,,,,,,,,,,,,,,,,,,,,,,,,,,,,,,,,,,,,,,,,,,,,,,,,,,,,,,,,,,,,,,,,,,,,,,,,,,,,,,,,,,,,,,,,,,,,,,,,,,,,,,,,,,,,,,,,,,,,,,,,,,,,,,,,,,,,,,,,,,,,,,,,,,,,,,,,,,,,,,,,,,,,,,,,,,,,,,,,,,,,,,,,,,,,,,,,,,,,,,,,,,,,,,,,,,,,,,,,,,,,,,,,,,,,,,,,,,,,,,,,,,,,,,,,,,,,,,,,,,,,,,,,,,,,,,,,,,,,,,,,,,,,,,,,,,,,,,,,,,,,,,,,,,,,,,,,,,,,,,,,,,,,,,,,,,,,,,,,,,,,,,,,,,,,,,,,,,,,,,,,,,,,,,18103.0,,,,,,,,,,,,,,,,,,,,,,,,,,,,,,,,,,,,,,,,,,,,,,,,,,,,,,,,,,,,,,,,,,,,,,,,,,,,,,,,,,,,,,,,,,,,,,,,,,,,,,,,,,,,,,,,,,,,,,,,,,,,,,,,,,,,,,,,,,,,,,,,,,,,,,,,,,,,,,,,,,,,,,,,,,,,,,,,,,,,,,,,,,,,,,,,,,,,,,,,,,,,,,,,,,,,,,,,,,,,,,,,,,,,,,,,,,,,,,,,,,,,,,,,,,,,,,,,,,,,,,,,17616.0,,,,,,,,,,,,,,,,,,,,,,,,,,,,,,,,,,,,,,,,,,,,,,,,,,,,,,,,,,,,,,,,,,,,,,,,,,,,,,,,,,,,,,,,,,,,,,,,,,,,,,,,,,,,,,,,,,,,,,,,,,,,,,,,,,,,,,,,,,,,,,,,,,,,,,,,,,,,,,,,,,,,,,,,,,,,,,,,,,,,,,,,,,,,,,,,,,,,,,,,,,,,,,,,,,,,,,,,,,,,,,,,,,,,,,,,,,,,,,,,,,,,,,,,,,,,,,,,,,,,,,,,,,,,,,,,,,,,,,,,,,,,,,,,,,,,,,,,,,,,,,,,,,,,,,,,,,,,,,,,,,,,,,,,,,,,,,,,,,,,,,,,,,,,,,,,,,,,,,,,,,,,,,,,,,,,,,,,,,,,,,,,,,,,,,,,,,,,,,,,,,,,,,,,,,,,,,,,,,,,,,,,,,,,,,,,,,,,,,,,,,,,,,,,,,,,,,,,,,,,,,,,,,,,,,,,,,,,,,,,,,,,,,,,,,,,,,,,,,,,,,,,,,,,,,,,,,,,,,,,,,,,,,,,,,,,,,,,,,,,,,,,,,,,,,,,,,,,,,,,,,,,,,,,,,,,,,,,,,,,,,,,,,,,,,,,,,,,,,,,,,,,,,,,,,,,,,,,,,,,,,,,,,,,,,,,,,,,,,,,,,,,,,,,,,,,,,,,,,,,,,,,,,,,,,,,,,,,,,,,,,,,,,,,
,,,,,,,,,,,,,,,,,,,,,,,,,,,,,,,,,,,,,,,,,,,,,,,,,,,,,,,,,,,,,,,,,,,,,,,,,,,,,,,,,,,,,,,,,,,,,,,,,,,,,,,,,,,,,,,,,,,,,,,,,,,,,,,,,,,,,,,,,,,,,,,,,,,,,,,,,,,,,,,,,,,,,,,,,,,,,,,,,,,,,,,,,,,,,,,,,,,,,,,,,,,,,,,,,,,,,,,,,,,,,,,,,,,,,,,,,,,,,,,,,,,,,,,,,,,,,,,,,,,,,,,,,,,,,,,,,,,,,,,,,,,,,,,,,,,,,,,,,,,,,,,,,,,,,,,,,,,,,,,,,,,,,,,,,,,,,,,,,,,,,,,,,,,,,,,,,,,,,,,,,,,,,,,,,,,,,,,,,,,,,,,,,,,,,,,,,,,,,,,,,,,,,,,,,,,,,,,,,,,,,,,,,,,,,,,,,,,,,,,,,,,,,,,,,,,,,,,,,,,,,,,,,,,,,,,,,,,,,,,,,,,,,,,,,,,,,,,,,,,,,,,,,,,,,,,,,,,,,,,,,,,,,,,,,,,,,,,,,,,,,,,,,,,,,,,,,,,,,,,,,,,,,,,,,,,,,,,,,,,,,,,,,,,,,,,,,,,,,,,,,,,,,,,,,,,,,,,,,,,,,,,,,,,,,,,,,,,,,,,,,,,,,,,,,,,,,,,,,,,,,,,,,,,,,,,,,,,,,,,,,,,,,,,,,,,,,,,,,,,,,,,,,,,,,,,,,,,,,,,,,,,,,,,,,,,,,,,,,,,,,,,,,,,,,,,,,,,,,,,,,,,,,,,,,,,,,,,,,,,,,,,,,,,,,,,,,,,,,,,,,,,,,,,,,,,,,,,,,,,,,,,,,,,,,,,,,,,,,,,,,,,,,,,,,,,16742.0,,,,,,,,,,,,,,,,,,,,,,,,,,,,,,,,,,,,,,,,,,,,,,,,,,,,,,,,,,,,,,,,,,,,,,,,,,,,,,,,,,,,,,,,,,,,,,,,,,,,,,,,,,,,,,,,,,,,,,,,,,,,,,,,,,,,,,,,,,,,,,,,,,,,,,,,,,,,,,,,,,,,,,,,,,,,,,,,,,,,,,,,,,,,,,,,,,,,,,,,,,,,,,,,,,,,,,,,,,,,,,,,,,,,,,,,,,,,,,,,,,,,,,,,,,,,,,,,,,,,,,,,,,,,,,,,,,,,,,,,,,,,,,,,,,,,,,,,,,,,,,,,,,,,,,,,,,,,,,,,,,,,,,,,,,,,,,,,,,,,,,,,,,,,,,,,,,,,,,,,,,,,,,,,,,,,,,,,,,,,,,,,,,,,,,,,,,,,,,,,,,,,,,,,,,,,,,,,,,,,,,,,,,,,,,,,,,,,,,,,,,,,,,,,,,,,,,,,,,,,,,,,,,,,,,,,,,,,,,,,,,,,,,,,,,,,,,,,,,,,,,,,,,,,,,,,,,,,,,,,,,,,,,,,,,,,,,,,,,,,,,,,,,,,,,,,,,,,,,,,,,,,,,,,,,,,,,,,,,,,,,,,,,,,,,,,,,,,,,,,,,,,,,,,,,,,,,,,,,,,,,,,,,,,,,,,,,,,,,,,,,,,,,,,,,,,,,,,,,,,,,,,,,,,,,,,,,,,,,,,,,,,,,,,,,,,,,,,,,,,,,,,,,,,,,,,,,,,,,,,,,,,,,,,,,,,,,,,,,,,,,,,,,,,,,,,,,,,,,,,,,,,,,,,,,,,,,,,,,,,,,,,,,,,,,,,,,,,,,,,,,,,,,,,,,,,,,,,,,,,,,,,,,,,,,,,,,,,,,,,,,,,,,,,,,,,,,,,,,,,,,,,,,,,,,,,,,,,,,,,,,,,,,,,,,,,,,,,,,,,,,,,,,,,,,,,,,,,,,,,,,,,,,,,,,,,,,,,,,,,,,,,,,,,,,,,,,,,,,,,,,,,,,,,,,,,,,,,,,,,,,,,,,,,,,,,,,,,,,,,,,,,,,,,,,,,,,,,,,,,,,,,,,,,,,,,,,,,,,,,,,,,,,,,,,,,,,,,,,,,,,,,,,,,,,,,,,,,,,,,,,,,,,,,,,,,,,,,,,,,,,,,,,,,,,,,,,,,,,,,,,,,,,,,,,,,,,,,,,,,,,,,,,,,,,,,,,,,,,,,,,,,,,,,,,,,,,,,,,,,,,,,,,,,,,,,,,,,,,,,,,,,,,,,,,,,,,,,,,,,,,,,,,,,,,,,,,,,,,,,,,,,,,,,,,,,,,,,,,,,,,,,,,,,,,,,,,,,,,,,,,,,,,,,,,,,,,,,,,,,,,,,,,,,,,,,,,,,,,,,,,,,,,,,,,,,,,,,,,,,,,,,,,,,,,,,,,,,,,,,,,,,,,,,,,,,,,,,,,,,,,,,,,,,,,,,,,,,,,,,,,,,,,,,,,,,,,,,,,,,,,,,,,,,,,,,,,,,,,,,,,,,,,,,,,,,,,,,,,,,,,,,,,,,,,,,,,,,,,,,,,,,,,,,,,,,,,,,,,,,,,,,,,,,,,,,,,,,,,,,,,,,,,,,,,,,,,,,,,,,,,,,,,,,,,,,,,,,,,,,,,,,,,,,,,,,,,,,,,,,,,,,,,,,,,,,,,,,,,,,,,,,,,,,,,,,,,,,,,,,,,,,,,,,,,,,,,,,,,,,,,,,,,,,,,,,,,,,,,,,,,,,,,,,,,,,,,,,,,,,,,,,,,,,,,,,,,,,,,,,,,,,,,,,,,,,,,,,,,,,,,,,,,,,,,,,,,,,,,,,,,,,,,,,,,,,,,,,,,,,,,,,,,,,,,,,,,,,,,,,,,,,,,,,,,,,,,,,,,,,,,,,,,,,,,,,,,,,,,,,,,,,,,,,,,,,,,,,,,,,,,,,,,,,,,,,,,,,,,,,,,,,,,,,,,,,,,,,,,,,,,,,,,,,,,,,,,,,,,,,,,,,,,,,,,,,,,,,,,,,,,,,,,,,,,,,,,,,,,,,,,,,,,,,,,,,,,,,,,,,,,,,,,,,,,,,,,,,,,,,,,,,,,,,,,,,,,,,,,,,,,,,,,,,,,,,,,,,,,,,,,,,,,,,,,,,,,,,,,,,,,,,,,,,,,,,,,,,,,,,,,,,,,,,,,,,,,,,,,,,,,,,,,,,,,,,,,,,,,,,,,,,,,,,,,,,,,,,,,,,,,,,,,,,,,,,,,,,,,,,,,,,,,,,,,,,,,,,,,,,,,,,,,,,,,,,,,,,,,,,,,,,,,,,,,,,,,,,,,,,,,,,,,,,,,,,,,,,,,,,,,,,,,,,,,,,,,,,,,,,,,,,,15763.0,,,,,,,,,,,,,,,,,,,,,,,,,,,,,,,,,,,,,,,,,,,,,,,,,,,,,,,,,,,,,,,,,,,,,,,,,,,,,,,,,,,,,,,,,,,,,,,,,,,,,,,,,,,,,,,,,,,,,,,,,,,,,,,,,,,,,,,,,,,,,,,,,,,,,,,,,,,,,,,,,,,,,,,,,,,,,,,,,,,,,,,,,,,,,,,,,,,,,,,,,,,,,,,,,,15763.0,,,,,,,,,,,,,,,,,,,,,,,,,,,,,,,,,,,,,,,,,,,,,,,,,,,,,,,,,,,,,,,,,,,,,,,,,,,,,,,,,,,,,,,,,,,,,,,,,,,,,,,,,,,,,,,,,,,,,,,,,,,,,,,,,,,,,,,,,,,,,,,,,,,,,,,,,,,,,,,,,,,,,,,,,,,,,,,,,,,,,,,,,,,,,,,,,,,,,,,,,,,,,,,,,,,,,,,,,,,,,,,,,,,,,,,,,,,,,,,,,,,,,,,,,,,,,,,,,,,,,,,,,,,,,,,,,,,,,,,,,,,,,,,,,,,,,,,,,,,,,,,,,,,,,,,,,,,,,,,,,,,,,,,,,,,,,,,,,,,,,,,,,,,,,,,,,,,,,,,,,,,,,,,,,,,,,,,,,,,,,,,,,,,,,,,,,,,,,,,,,,,,,,,,,,,,,,,,,,,,,,,,,,,,,,,,,,,,,,,,,,,,,,,,,,,,,,,,,,,,,,,,,,,,,,,,,,,,,,,,,,,,,,,,,,,,,,,,,,,,,,,,,,,,,,,,,,,,,,,,,,,,,,,,,,,,,,,,,,,,,,,,,,,,,,,,,,,,,,,,,,,,,,,,,,,,,,,,,,,,,,,,,,,,,,,,,,,,,,,,,,,,,,,,,,,,,,,,,,,,,,,,,,,,,,,,,,,,,,,,,,,,,,,,,,,,,,,,,,,,,,,,,,,,,,,,,,,,,,,,,,,,,,,,,,,,,,,,,,,,,,,,,,,,,,,,,,,,,,,,,,,,,,,,,,,,,,,,,,,,,,,,,,,,,,,,,,,,,,,,,,,,,,,,,,,,,,,,,,,,,,,,,,,,,,,,,,,,,,,,,,,,,,,,,,,,,,,,,,,,,,,,,,,,,,,,,,,,,,,,,,,,,,,,,,,,,,,,,,,,,,,,,,,,,,,,,,,,,,,,,,,,,,,,,,,,,,,,,,,,,,,,,,,,,,,,,,,,,,,,,,,,,,,,,,,,,,,,,,,,,,,,,,,,,,,,,,,,,,,,,,,,,,,,,,,,,,,,,,,,,,,,,,,,,,,,,,,,,,,,,,,,,,,,,,,,,,,,,,,,,,,,,,,,,,,,,,,,,,,,,,,,,,,,,,,,,,,,,,,,,,,,,,,,,,,,,,,,,,,,,,,,,,,,,,,,,,,,,,,,,,,,,,,,,,,,,,,,,,,,,,,,,,,,,,,,,,,,,,,,,,,,,,,,,,,,,,,,,,,,,,,,,,,,,,,,,,,,,,,,,,,,,,,,,,,,,,,,,,,,,,,,,,,,,,,,,,,,,,,,,,,,,,,,,,,,,,,,,,,,,,,,,,,,,,,,,,,,,,,,,,,,,,,,,,,,,,,,,,,,,,,,,,,,,,,,,,,,,,,,,,,,,,,,,,,,,,,,,,,,,,,,,,,,,,,,,,,,,,,,,,,,,,,,,,,,,,,,,,,,,,,,,,,,,,,,,,,,,,,,,,,,,,,,,,,,,,,,,,,,,,,,,,,,,,,,,,,,,,,,,,,,,,,,,,,,,,,,,,,,,,,,,,,,,,,,,,,,,,,,,,,,,,,,,,,,,,,,,,,,,,,,,,,,,,,,,,,,,,,,,,,,,,,,,,,,,,,,,,,,,,,,,,,,,,,,,,,,,,,,,,,,,,,,,,,,,,,,,,,,,,,,,,,,,,,,,,,,,,,,,,,,,,,,,,,,,,,,,,,,,,,,,,,,,,,,,,,,,,,,,,,,,,,,,,,,,,,,,,,,,,,,,,,,,,,,,,,,,,,,,,,,,,,,,,,,,,,,,,,,,,,,,,,,,,,,,
