اهكععسم,3/457ثيدععح,ءانحعععشل,…ىععلاهععيف,9/204ع217ينغمل,اولهمالاقف,تعببحل,رفظاععف,7/78ع79,.معكيلع,1/270ةععلادعل,هععصنب,اععملع110,ةعععميرج,ةععيفطاعل,ماععمته,هععبه,نوعتوم,ايرهظ91ع92,معهتبحم,2/245هدانععسء,تارععضل,انذاتععس,ةلاووههسام,اععهراكوء,6/54يذمرتل,ايندععم,1/392407,اهكاععسماب,نوععنيمط,هرتههاس,ماععمزل,28ربععمف,تقلطناعععف,اععععمتجم,اهفرعع,ةععشرحم,ةععسارحل,تاععمارغل,تعقاذء,3/1284وعع,ميقتعععسمل,هررععقيف,11/513,عوععمجمف,اوعععبء,62ماظ,شععيعتف,اععهيف…ملعء,قارغتععس,مكدععص,4/1890,ميحرلاععع,هدععصر,4/365اذعع,مهرهظمل,راععثكلاب,3/438لاععق,.قععيرطل,7/127ملسم,تادععيكاتل,معتدرء,دععهعء,سوورععمل,تاععهزتنمل,تسلج6/131,معععااد,قيقرلاععب,23/150,نهتعاععط,نيلهوععم,نورماعيف,60ع62,خيصفل,اععجحلاب,يلفعسل,نيمكاععح,اععهفياظ,.ناملسمل,اععجاهنم,نيبملا91ع92,ىععبق,.ةععحوجرم,نيعباعتلل,43ةيدوبعل,رععهظملل,يدودوعععملل,اهتقهرل,همودععخمل,هءاعععمء,ةععبيغلل,ععهةععنموم,اوععتلف,اورماعع,4/2091يذمرتل,ناونعبملسل,ةركنتععسمل,دادبتععس,عععضرتس,نينياععخلل,ععسفنحيحععص,اوبرتععق,3/2320,10/95حتف,هنعاععم,ععمه,ىعسركل,اونكععستل,اوععلثم,مهحلاعط,ميناععن,هيعبععصاب,اوععصحء,صصقلا2627,18ديهمتل,احدععقب,ةععلرغل,ةعباقرل,اهبوعععشل,3/1192,مهتاععبارقل,اعععهءاملع,1ع3,هعنيازخ,اععهقارف,اهذععيفن,دععبعتف,2/326يذمرتل,يداوعععنل,نوععميقمل,ععسوح,ةدافتععسم,مهتاطاعش,رفاععنتل,تاروثلاععب,ةعععلمحل,4/471عماععج,اغوععسيف,نارحاععسل,اععجو,3/437وععبء,مهدعصق,امهتافرععص,ععشرع,ههباععج,ةععمختل,عياععجل,.ءادععتعل,يحوعل,مععسجلا–,1اءايح,مهءادععع,ععجاروع,ةرععحبل,7/507عععجار,انهبععش,نازععيمتم,نعععيميقمل,ىحرلاععب,دردععح,ةعععيدوبعل,يبععحم,رععسحتل,نيطوععع,ينومترععشبء,ناردععقم,اوعقبط,معععهنيد,نوعيطاو106110,4/97ع97,نععهيكز,اميلع69,مععسبتل,روكذععلل,نيلسرملا181,.خزربععل,هعععجارف,1478ص,مععهميازع,ضورععفب,روزععمل,مععيطحتل,ينيععص,راععجتم,6/159ملععسم,اوجاعع,اععنيتل,هنوفلاع,8/48هدانععسء,7/78دارععمل,نيباعععحتملل,مهحلاععصمب,نيعمجا12ع18,قابتععسلل,.هناكرل,يععطهرء,ذععخاي…عماععجل,طاعتملاى,ةعععنينامطل,مهتوعق,.ةدععسفملاء,ععععجن,…عماجل,اوعععغتب,واعط,ينايبععص,اهلوععصنب,هرثععكف,ةبرتم15ع16,نوربععج,.اماهرب,تديععش,4/541432يذعععمرتل,ةعجوزل,اهههلاام,نعيفرط,يناثلاةيرحل,ةعععبطمل,5/522ع542,هيراوععجل,ميلعتلاعع,ربيهانعم,صرحلاععب,يااععيعيبط,مععهودا,2/1331لاق,احورعش,اععنيغباف,ةاداععفم,مهورععسء,6/506ع507,هرععجاوز,اهععسبحيف,امدنعديبع,.هععبنذ,هردععغ,مكذعخاء,اععمهتايح,هتوربععج,ةععجيتنلاف,هلاوععهء,مهازاععجف,اريبك2,يترعسء,نارمع102ع103,ضغاعبتل,رععطخلل,7/95ملععسم,هياذععغ,راههجتلاء,نيلوقت4/1469مقر,ةاودعععل,يهنى,نيمععساب,مهدعععص,مععتييح,نوععحرفيف,احلععصلل,ماععطحل,ثععععشل,احارععس,56هلوععق,ةععنتنمل,يبععتج,ععكث,3/827ع828,7/210ع212,ىداعععنف,نيرفاععغل,مهارععسء,طارتعش,ىلاعععتاذاععف,نععهقح,اهطبنتعس,ينتءاععج,مهتلاععتج,قوقحلاععف,اعععبيث,اععمكوفع,مععبف,ص229230,هواععفخء,2/525عجار,هععترطفب,1/275ععع,مكوععلبيل,مهاعيقء,احلععصب,7/87ملسم,نكحرععسء,يدعتفتل,اوععنموتل,هواععجنء,راعععهظل,اقفاوععقلطء,اورععمتء,2/769لاععق,مظعاععب,تلق.تععلنفء,نععخل,هتاععيحل,يراخبلا6/130,اععمهلهء,هنامدععق,ةعقياف,جاععفيء,نوبرتععق,25/37ع41,3/631ارصتخم,دوعهج,قلاعععخل,1/18ملسم,ةعععحلط,هععليك,انيفختعس,ةيناثلارععفكل,هذععيع,مهياععبرقء,تلذعب,ذاععقنء,ةععصلخم,7/186ملسم,ربكاععب,ريذععحتلاف,6/231ملععسم,2/681682,5/438ام,تموععن,ةعععنيدمل,نععملع,ضعععفخ,تلاكزةه,يروععف,ءدعبل,قععلقع,داعجيء,مععلعيلف,ىلاعععتاندعع,ىوعععثم,.نوحفص,7/102ملععسم,تاععبقعل,ةاععتع,يتاععضرم,ةراععشتس,هذععنف,ةععبغار,ةععمزلتم,احرعفل,ةعناعء,مععهتدل,تمضعف,هيداعع,هتحامععس,قدعصتل,نيرفاععسملل,نوفرعيععس,ةعععقانل,هععمعطيلف,4/9/2002م,ياعسول,ةلاععغمل,هونماعع,ةدععيح,3/1287,اهاععهل,اهدععقفل,سبلملاععب,4/364اذ,اوققحيلف,هععسابتل,دععياكمل,طععطخم,هتععصع,اهرععسء,3/1422ع1424,5/197ععع,اععهتلاخل,هتاععساوم,12/4243ةعععبطل,غععيلبتب,ينلععضء,اععنطلاخيل,اععبرقتم,58تادرفمل,ةععلماعملل,تععبط,رشتيس,اهدعحب,نعكمتيل,تاعيفول,تاههنامومل,ةعفط,3/134ملععسم,نععيلحنمل,نوقرتععس,هوعمتععس,نوكرشم98ععع100,لععسيف,ةعفاظنل,هععيليمز,يياععضفل,17/295,مهاععمعء,نيروازتععمل,قاوعلاععب,اهعماجوىضقف,ةيعضرم,ىلاولامازتل,اههاهدارفء,هغيععستس,ميقتععسيل,مانتاوغ,ةعشحوتم,7/79ملععسم,.اهتطاسوب,ص379385,جرععحب,هاععيعداف,هزععجعيل,ةمادق7/96,راطولا6/144,عتمتععسيل,رععملء,5/454ام,اععهودروء,قولخملاععف,عاععضرلا…يععنغمل,1404ناععف,نععمحتقيف,هتاوهعش,ريعععشعل,قلتاهاق,نععهطورم,اععهراوطء,اهاعصحء,نيرجاعععهملل,اهبوععصء,وناعخ,فاعصوء,ايهاععم,نوععهتنم,مهعداععف,يناثلاغيععص,مكععضارعء,ناععبيغ,مكوجاععحيل,روازتععل,اععهداوم,ةعنععصب,.مععهرج,هورقوعع,هحلاععصمب,ةزقعععل,اهترعض,4/2199وبء,روععيغل,13/110ع111عماجل,تاعععساول,ةرخاععسل,امهقيبطتل,حفظهعع,انريغعص,هادععهء,اسح40,2/121ملسم,حعكانمل,هانيفطععص,مهباوععص,اعيازم,اغزعع,عصفم,اعععخدء,مهيدععه,6/190ع191,رودععيف,اهقيدعع,سفاععنتلل,هقيبع,علالععم,مهموععص,اععمهاوقء,يننوععفوخ,ععبولق,4/2282,ةععفلكتم,اععمهنانيمط,مهاعععر,ينتدععهع,ىدععجء,1/54ع55,ععجقع,28/126ع131,هءاععنث,مععكييح,مكيتععف,ىععقت,ندععععقل,هقيبعع,رامدععلاب,ةييععسب,نععسرف,دبعتععسم,6/60ملسم,مهنوععجرخ,اوعععفريل,موعععزمل,ةععلاحلل,4/97اذع,اوعفداععف,عتععسملاد,هعععماركء,راععنملا5/68عععجار,هداعمتع,نويععشب,5/170ععع,نورععكنم24ععع,ةاودههقل,ينورتععكلل,اععهفطل,اعميق,همعععس,تعيمع,مكاععحلا…,اععهرمع,هععتحازء,ةعععحارل,نارععمع145لاععق,لاهههغ,ةحامعسل,اععملكتف,اواععش,.اهدجنيل,ععكز,.1ع3,ناطبتععس,ترععساع,اوععمحيل,نابععشل,يننوبذعع,اهنايبععص,2/169ام,اعجاوزء,قلخامعع,هولكاعع,2/1086,ءوعلمم,هتبراعح,9/588,هععفط,تاععناويحلاب,ةععبتم,هتبراععقم,1/99لمء,ددقععع,اععنتمرب,تاععحط,واععيع,ععفاكتل,ةفوععش,هبوععكرم,هععميلعتب,هموعهفمب,نهبوععيج,48ةءاععفكل,نععبغر,اريبخ34,ععمايء,تدرعع,ههاهاء,.نونوخ,اودععتقاف,6/154ملسم,نيدلاخ83,هععسكيل,عبحب,130ملععس,ناعسحء,اذوعععتم,معهتدل,ييقتعس,درععشتل,مععهورج,5/464ع,5/403ععع405,4/603يععف,80ع82,يبنجاب.يذل,3/1548,5/249اذ,روملا39ع43,8/254نبل,دععيبعلاب,نعييمل,جععيوزتلاب,.مهتقراععفم,يععنتفرع,ساععمغ,دععمتعل,ىبععقع,اوععفخ,ععشعل,مهنوحنميععس,ن83,.نهماعععط,تاعععكل,تععخطل,1/274437ةعععبطل,هايفلتيل,هزواععجتل,تاذععلمل,74اذاععفامامء,ةععمامدل,هلماععح,مهيايربكب,نيدعععلاخ,56احابصمل,مكلوععخ,3/1690,ادمتسد,احاعنج,هوبراععح,اولدعع,نويرقتععس,هيلتعل,اععقفيععء,ةاععجانم,عحكنء,رععمتء,.اهتحامس,هتلعصوء,راعععصنتس,ةبرقم11ع15,ةعععرج,اهقهزيف–,حياعصنل,ةعيدهل,تافاعصل,يععععاد,ناععتيفاكتم,ترععجدز,65ةيلول,يععيرج,مععكقتء,ءيععضت,مععنهجرمح,اعععمهيلعف,اععضفار,هورععشان,اورععثل,اععهنوبتك,1/464لاق,افارععسء,طاعمنل,ةعععماع,اهيعععسف,رثاععتيل,متععصد,يبعععد,مهيوععل,نععكرلل,ملسمو4/1909,هععلعجتل,هرععصنيلف,نورععشتنم,نملىمعلاب,علاعط,هعععجر,ءاسنلا.34,مععهملعف,يعنقلط,تاباعشلاف,صقناععب,ءاععقف,عععحانج,رعشيورعسبل,.تاردقكمل,نوحلفملا1ع5,اععهيابرقء,اععهرطاخ,4/2201ةععيل,مهتربخاعف,هءاكرععش,مهاععسناف,ةيعضار,نيتواععفتم,احاععشء,هععتنعط,ثبدععح,ععهوعيب,17ةلم,حلاعععب,امهمدععخ,نوقلتععس,هععتملعء,نومجاعع,مععهقتع,قلدععن,6/142ملسم,2/708عععع709هدروء,3/467468اذ,هتديععصم,3/1334,تاوععكزل,4/1975,ةدوعلاعب,ىراعصق,مععهوارء,نوععبقار,هرهاماء,3/1624ةيل,هربعععت,هرذععج,38احرععش,هلععصاتس,احابععصمل,مهداعععبل,اععنملعتف,يععنبجح,عراععصتل,قتحملاعةر,مهراععضب,ةععسباع,نععنظ,اععمهياقلب,2/714نععسرف,مهيفاععع,هورعيغ,6/217وبء,1/335اععم,رععصنيل,34ععع35,مكتاععيتف,يععجوزب,اهوفععص,27/177عماجل,نععيكر,8/232ع233,اهبععستح,5/117ععع118,اريبخ94,5/252اذعع,مهمتاععخ,7/142ملسم,اععموكحم,مععععيظعل,4/467لاععق,…كيرش,ةعيعوتل,اععمهمايق,.ريبكلا,4ع9,35ةععسايسل,ميلعتلاععب,تععنا…,ينودععبع,3/124ملععسم,اععهتربخء,عامجوا,عاععتملل,هبناوععج,ءىداععب,مخلايس,مهمارتععح,اوععلازل,نيحتاععف,ص7879عععبط,هتاماوقب,اععمهبجعء,امهفارحناب,ععلعلاى,تاراععثل,ةععفيظوب,اوبعساح,اوعععغب,سععيلجلل,ثاععثء,اوحفععصيل,7/89ملععسم,نينمزب,مهتلاوعععم,ىذلا…يراععخبل,هععتقيقحهلل,نوععلكومل,اعهولخدء,هبوععيع,قتحملا.نير,26/3334,.ىععمعء,7/127ملععسم,اتكععشف,تاباععصعل,عجهول,نيرداعغل,.نهجو,.اععقلخ,معععكرهط,نفععسلاب,ندعععقل,5/45ععع47ملععسم,مهنوثدععحتء,6/134ملسم,عناععصم,.اععهرامخ,العع,7/131ملععسم,14ع17,مععتنلعء,.راععج,غععياز,معكتيرق,جعجحل,طععخء,هععتنع,مهجاععتنء,ذذعع,هتودععق,اوباععتل,اععهيلمح,رععفظيل,ةععحبذل,ينترماععف,ردععك,امهتععس,16/330ع332,.اهيدويف,.ةععبيغمل,1/96ع97,7/699,اععمهروبق,ارعععيهط,مهعداعف,8/24ملسم,نيرجاععهتمل,مععهنيتل,شعلاععكهبععس,نودعععماحل,مهعيطيل,هتاعكرب,نععكعتمء,نيطناععقل,ثيابخلا157,اععهمجراف,اوععمعن,اععمهادان,ىععفتح,نارمع133ع134,اععتابف,نونطبتعس,.1قلطلا…,هناععخ,املس25ع26,مهلوععيم,6/65ملسم,ءاععقرل,رياععشلاب,نوبلاغلا55ع56,ةععسوورم,احرععق,2/496497دععبعل,3/448عععجار,3/1360ظفلل,اططععش,اهنعلتل,مععهجورف,هرععظح,4/612اذ,تاعععيرحل,3/801802نععب,.ءادعلاعععجار,ماععظنلل,6/143ع144,3/1318ع1324,اععععهتقرهف,اععططخ,ععمهلكء,نجربعع,ثلاثلالمح,1423ععع,4/20502051,.كععلذترععكذ,اوععققحيل,مععكتقيرطب,2/75عجار,1/650ثيدععحل,تلاععنف,انرودعص,يراوههاس,اهدادععضاب,تامياععععصل,موععجهل,اولاضعععحل,اوتتععش,مهتلجععس,33ننععس,عبارلالمح,نيععضراعتم,نورعععخل,يقععسلاب,ربادععتل,مكيوععخء,ضقاععنتمل,ةعععيامح,برععقتل,اديرعع,ىتععشل,اوكلععسيل,ةيععسورفلل,نرمتخاععف,.احربمل,معععهرمء,ععلاوخء,تاحلاعععصل,ةدعععيافل,دحوامهد,هياععيرب,يناههثلاقرععفل,5/183ع184188,5/328لاق,نييواععط,نييبنلاعععب,13/66ععع67,اومعصتع,59اطومل,ةدعععاقلل,.نويداصتقل,.ةقباععسمل,مهينوععضحم,ةعععميركل,ريشبتلاومهب,غللاععب,4/464اذعع,صععقنياععم,4/2018,حععكنم,هعماولوق,1610ع1611,هوفلاعع,اهعويععش,ةنقم,يبعععص,زبععخيل,هناودععع,نارمع118ع119,ىععهدل,ظعوعع,ةععنوزحل,اعهنمتء,مهلظاف,تقاعع,نيدوععجوم,2/606لاععق,رييختلاععب,مكارتعتل,سةار,دععيعب174ععع,ةدعحتمل,تلاكز,مهدودععص,خوةفيل,57ع58,6/498هاور,ادوععلوم,اهناذيتععسل,ذوعععم,2/102ملسم,خمععر,هرععكيلف,3/1323عععجار,هطارععصل,اععمكلاعف,اععهانددرف,18/57ةيععشاح,تازازععحل,تجوزتعععف,تاععطحم,ثععوب,4/463اذعع,اععقزرف,ازحلا2835,مهعجععشء,طبنتععس,اعهنذء,نيحفاسم24,يععناوزل,2/417قععيقح,اععهمتاخ,ضييبعع,دععنلل,…ملععسم,اععوج,7/106ناف,موععينور,نععهعز,راثيتععسل,37احرش,مهياععنب,اععهجقم,رارمتعسل,.افععص,تارتاععهمل,هدوععيق,ييبععن,مهيبععنب,هععتمطف,مهتارورععض,دقععع,تاعهيجوتل,ىرععخلل,ملسو1/34,يععبقر,ىشخي43ع44,يناعععبرل,ارععنل,ةنماععضتم,عماععمه,ةداععيعب,عمتجملاععف,2/172ع173,هاععضرل,.اريععصب,اععمهقزر,ناسحلارشع,هورطاععتف,10/158ع159,جاعتحم,ارععحج,هقععصل,4/468اذ,هفلوععمل,نيلكوععتمل,يحتععسيل,4/2036ظفلل,اعععهقتع,.هبينء,يععهوةداععع,1/381ع,.اوعدر,7/126ملسم,ظعاوعمل,5/257اذعع,1/390ملسم,اهععصوصن,تقععس,اععهومجرف,6/13ةععيل,4/2190اظاوجل,اععهتهاركل,وفدععلاب,ىربكلا6/60,7/179ع180,نععهريهط,سللحم,مكععسمتف,امدعقتم,قععلتم,اهتحلعصم,63ةياهنل,مععهيركفم,مزتععليف,ععسحمل,…دقوةمذل,4/347اذعع,مكيلع46,4/353ععع354,اععهجاهتب,هعتفيظ,1/88ع89,ةاعدععب,هللامسقف,هدعععقيلف,هتاسواسء,خرععصتس,ناوععع,2/80ملسم,ادععتع,نيرععصتنمل,اعمهقوقحب,ص555عبط,اععمهتقف,2/1114ام,6/173ععع174عععجار,ععفاكتلاب,نععيمرل,نيبععقارم,نورصبم201دارععمل,متيدععتها105,هنوقليععس,عدععلا,1/160ع161ملسم,خزربععل,1/364وععبء,هعوععجرل,ملسم2/791,ادودععل,هاوعدعع,ثيدحلا3779,رععظحب,3/1196هاور,معععكلذ,ءامعععساب,معععنهج,مععهبحب,ثلاثلادعبل,قععمعل,راهاظامء,دععث,هكرتعيف,يتييفوععسل,47سوماقل,تععلغل,هرخوعع,7/3وعع,اععمهقحب,1/333هركذ,مهواهفععس,4/96ع97ثيدععح,هزوععش,هتعاطتعس,تاععقا,5/130ملععسم,3/1692ريغنل,امهععشح,نيماععمنل,سعسء,ادض81ع82,هتظاععغء,4/326رش,اوماععب,تارععيخب,3/631هيف,ءعععيج,هععسسء,54ةيلووسمل,دعلخل,اقرتععسم,ميلع226ع227,.ىنعمودبعل,نامععسقءلوععل,تععنادء,اعهوءاج,1/910ملسم,13بيتر,اععهاقلتف,انتايا72,اععقتذععخء,يحتعع,اهاهركيل,3/259ع260دق,3/826.,1/602ع603لاق,دعصراف,رذععنيل,ناععقيط,نهتباجتععس,تدععم,مععنهجل,.هتيذغتب,اعععلام,عععتمل,مهونهادععف,هعععيل,سماعععخل,نوعقيسف,2/953ععع954لاععق,امهبنجيل,مههنول,اهلقثتععس,فاععقياب,هومتذععخت,نودععيج,5/320321اذ,يونوعع,مهيذوععيف,مععكمء,علاةوعد,اربععيل,اقعلا25,هتوهععشل,6/26ملسم,تاععيهف,ةععيدتهمل,هباعععسح,طلععستمل,سناوععع,هععتهركف,ععيناثلا,.امهلفطل,قياوبلاععب,.هععشارف,.69ع73,نوععتركل,هعععتم,يععقتيل,هبععستح,هتوععفغ,تبراعح,هنايععصعف,هتععسوس,تاوعع,مهيبعن,تاعععزانمل,هعضيقن,6/121ملعععسم,هوععمتلعف,قاعش,هتاععقولخم,8/243ع244لين,مكددععم,هتيوععف,اريبخ128,ععليخ,.مهفياظاوء,اععنوذام,سععينا–,اوععليزيل,عععصتس,اهقادعععص,ابيسح86,ياهانلاء,نوبععصن,نواععتلاب,6/136ملسم,هترجاععب,اععشاحف,ابسلاءاوضء,نولاضلا51ع56,هعاععضر,اععمهتايحب,ةععععراقم,ةععيرحلاف,نوعدععع,نوعععلول,ناعععيق,نععسحيل,امهذختيل,اظوععفحم,هناععسحل,هععبكتر,راععصم,مهتاعجاح,تلععمح,اوطلععستيل,يطاععنرغل,هعيرععشتل,نقدعع,مكلوههام,3/1282ععع,ةعععباجء,…ىلاثيدحل,اععبغرم,ةيناعععسنلل,امهررععض,ةععباهل,عاعضء,نرعععقل,ةرععيجل,مهوععمتفل,مهععسبلتل,احاععتم,8/57ملسم,نيربعععجتمل,قععيثاوم,دععجتل,1/37ع38,2/2042ع1043,روجفو…,اععهجتم,4/2011,ةععليلح,اوععفرعتيف,هقيقض,3/102ملسم,7/81ملسم,3/149ععع150,هعاععضراب,ختلعع,طععسيل,4/14ع15لاق,متععسنء,مهدادعتعس,احربععمل,يذععح,زنهععل,ععجنيل,ةععيدابعل,هعععجوء,نورماععع,ةرععجاز,هبرععشم,ملععسوء,ماععستبلاب,اععهلامجل,2/1048ع1049,هدععضعب,هتدوععمل,نينعععصحم,1/9ع10ملسم,.انانيمط,ريصملا13ع15,عورزععل,تاعانععصلل,نرععمتل,يععحكن,زازتععل,8ع9,.ةقدععص,هاعععرء,ةمادتععسل,مهدععيل,نويركععسعل,تدوعس,يليبعس,ةيعصعمب,1ع2,اععتفلم,نوععلتخ,يععشعععجار,نوعغتب,2/1060ع1061,تاقماعدف,اععهوقتع,احادععبل,ةيملسلا2/115,ةيراههسب,ةثلاثلادرجتل,اهترععصء,ةنععضاحل,رعععتيل,1/301ع302,نيفقوععم,هللغتععس,.قوعععلخمل,7/88ملسم,داعسفلاب,تاععقولخملل,ص9697ععععبط,هعميق,هععتظق,ةنوععضحمل,نارمع149ع150,.نوفرغ,هععبلج,اععنتل,رافواح,3/1635,اوحيبعع,نععييكيرمء,382مث,هماععنتغ,نورداععق,اهذععقنيل,2/707ع708دمحء,امهنوفلخ,تلاوععساقب,جوزلا–,نهجاوزاععب,نوععنحتم,تبتغن,17/290ع296,ص125126عبتء,راععهطلاب,نارمع154ىتععح,هعتول,راععقلل,42نوع,نرعععف,اععننيجع,رععفم,…مثههجوب,.هععقتع,هنوععقلتيل,اععهنايكل,مهبناععجب,هموععن,127عععجار,مععيحرلا118عععجار,نيبضاغتملل,غععشلل,لوتععس,4/91ملسم,نودجاعععسل,1/93يذمرتل,1/28ملسم,مهياوععهء,ةرععسلاب,مهتداعععس,هتعزاععنف,–هتقيقح,هقيبععط,عرععسيف,نععهنكل,مهعوععبر,اععصارتم,تععسيلوطقف,4/1974,ةيعصاع,تاريثعع,25نينجل,51ةربعل,درععمتمل,ععععمتجمللف,اععهرطف,هععتاودء,ادععثرم,2/635636,نعععيرظنمل,اععهمويب,يتعععبحم,رطععضيف,ابنزح,مهكرععشء,راععطخلاب,قياهمععس,اولانععع,4/336اذعع,يرتعش,66ءلول,تععكف,هاععنع,4/369اذ,اعنايب,اةقداعص,.يبطاععشل,1/25عع26,هتيبرتععب,اوارععساف,ناغععضل,ةههساماخلانء,مععجلنف,نيد.م,ركنملاعععب,امهقيدصب,.هثدععحء,احلععععص,اوداوعع,صعبر,هزععيارغ,ازعععحل,هيكوععلممل,اوععفك,ةههامايقلايراععخبل,2/915عععجار,3/217ملسم,اعععفترم,تنياععبتل,1/326327,هريفععس,اعاطتععس,هوههطبرف,اودععناع,دادزعععع,دعهتجمل,تادععلاولل,هعباععس,ةرعضمل,ااهرههاساء,هوعععيطتل,4/1978,نهزواعع,نينموملا25فص,ءاعصحاب,ةعبعرم,نودجعس,ترغصةلود,اععهونلع,نععبعليف,ملعملاععب,هررععمء,3/179اولتق,احرععشل,نوفعصتم,نيداعضم,هنوعععهر,اهعيل,.نيمودخمل,راعععب,ععيظن,هععبب,نيحداعكل,رععهجلل,نياععشل,26ةيشاح,23ععع,ينكععسمء,يوقعع,مععهبلغء,اهههعمتجامء,.لصاوتلاء,3/1230,اعهدلول,اولافعض,راوععل,اهراعض,رععسيتم,ناععبولطم,ويورثن,1/101تاتققل,احاععكنلاب,تفجاععهللاهيععشغ,ماتععس,اهراعع,ععيطخلاسععكنف,7/78ملسم,مهتحلععصم,ادععسفم,يتعععدى,اهمادعع,يننوععصع,اععمعن,دععيغرل,ةععييدرل,6/505هدانععسء,24داهجل,قلاععخلاف,اععشمم,تاععماجل,ةذععبانم,عساتلاةاساومل,هنوعقيط,اوععنع,عحى,اهودععتع,ينوعععطق,مهبدوعع,.ىلاعتتل,مهنيرمتء,.يداععبء,يتوع,اعععهتلازء,يدععبكب,هععللظ,هحلاعععصم,نوععختل,2/631ععع632نععب,.يدرمل,احاتفتععسل,تاععنعء,ةيععشنتل,ىلاولاةطبار,مععهتحازل,ميلوعل,اععناه,ناعيدء,مهناععهذاب,نوعلء,مععكتلاذر,ىوععقب,احارععش,ععلهنء,اعععناخ,قشص,.اهنانيمط,يلفبععضغ,وععسرلا8ععع10,ةوعلحل,مكاععجرخ,مهفلععسل,يخاععب,اععيفانم,ةماععستب,.نوععيع,اعهطبر,1/83يععف,1933فععص,دبعتععس,هبياععصم,معهنيعء,نوععنموملاةععلداجمل,ةعقلخل,روعععنب,هنماععب,هرععشابيلف,نععضحمل,انكععسانم,يقعع,هتيععصعمب,قعععمتد,مهعاععف,صاعقنء,اريبكنم,ةزهجاععب,مهيندعع,علعضل,هتعيبعط,اوطعاععف,هوذععختاف,ءدلء,3/98يععنع,اععهرذء,نزوعب,رجقععض,نيععسلاجتمل,ةباجتعععس,6/192193ملسم,اثانارويطل,اهقبعسف,اهتنايععص,ةععفرخب,نيلذاععبتمل,اعععمهتايح,اععمهقوقح,ىههلاولانء,ةثعععشل,هداععقتعل,اناعبععش,هوععمرز,1/9092,نععيرجء,اععسرلاب,هععجارخ,نعمثب,نيرغاععصل,نيبععساحل,ىععبقر,ةقدععص…,27صياصخ,8اععمنء,ةعيكيرمل,28ضاير,ءاعضقلل,عععمطيف,جنيععس,قاوعععسل,اهجارععس,يرورععضل,اداعععسف,ةنعسلل,ةرفوععتم,5ناعف,تجاععح,تللاعع,موعععقتل,قلاوععر,يناولاعع,3/135ع136,نومهععس,اهمععسف,اععههركب,يجانتلاف,وباععجء,4/340اذعع,نوقداعص,امهعدعع,اعععهقرهاف,3/1241تاععياورل,اععهعزن,اومسرتيل,مكععشرف,هارماعع,نيلعصء,3/1282ع1283,ععلتاق,معكيار,3/412ع413,معهتيارف,مهياععضرء,2/901لاق,مهتادعج,اهغعضمف,مهليامععش,تهععشد,اوععنوك,5/52ع53اذ,اععضع,هترفععش,نيلاعععتف,اعهفوخ,ثبقععش,7/210يعععف,اععهيلمل,اندادمل,رصانةليضاف,هبهعجار,حةد,حوزب,اندعتيء,عهود,اءميقم,اءباص,اءسايق,اءناسحتس,اءيدتقم,اءيهاس,اءيلصم,اءرابتع,اءقوبسم,اءمامتء,اءديص,اءيجارخ,اءينغ,اءيقلتسم,اءرصم,.اءطايتح,اءنراق,اءعباتتم,اءرانيد,.اءناسحتس,.اءعبرء,اءيدوم,ءلقتنم,اءيرشع,اءبجر,اءضيرم,اءتس,اءكلهتسم,اءصيمق,ءلفنتم,اءعوكر,ءلزا,اءعجطضم,اءنادح,.اءباص,اءفرع,اءقرفتم,افاكتعاب,اءطاريق,اءرجز,اءخسرف,اءفصن,اءعاف,اءناتسب,اءضوفم,اءدماع,اءرسوم,اءموقتم,اءجارخ,اءزيفق,ءللحم,اءرسعم,اءخسف,طتخملل,.اءيناث,اءناصق,اءديعم,.اءمكح,اءضوبقم,اءكهلتسم,اءدتعم,اءريخم,اءدحاج,اءعرازم,اءقفاوم,اءجوف,اءعامس,.يونملاب,اءرذن,.اءدعاق,اءنوذام,اءجاتحم,اءسمر,اءطقسم,ءلماح,اءعلاط,اضءيرم,اءنكاسم,اءسب,اءعطقنم,اءعاص,اءبوج,اءنايتء,.اءميقم,اءيلصء,اءسيمخ,اءكل,اءروذعم,تاحيبستلل,اءبرغم,اءتواف,اءحيس,اهيمياق,اءرفصء,اءمدقتم,اءرخاتم,اءزواجم,.اءنكر,اءحيح,نهديق,اءءرج,اءطاقسء,اءعمجم,.اءتيم,اءقلعتم,اءيبلم,اءثلثء,اءيزاب,ىجسيف,اءطيخم,اءقيض,اءروجحم,اءعفشم,اءمزل,اءدعقم,ضرلا267لاق,اءدساف,ةعومسملل,اءفاجع,ءلصاف,اءضيفتسم,اءعطاق,اءيلوم,اءفويز,اءممتم,اءبراحم,.اءمرحم,اءعبر,.اءثلث,اءطرف,اءنو,اءرامض,.اءريدق,.اءم,اءحلصم,اءفيق,اءعوبتم,اءنياخ,اءقانع,اءررقم,اءرخذ,اءعبرم,اءصخرم,اءحيبم,اءميتلم,اءررقتم,.اءعرش,اءمزتلم,تاريبكتلل,اءكرادتم,ءلقا,اءنابكر,اءهجوتم,اءضوعم,اءقيرش,.نيوارخء,اءحطسم,اءيبظ,اءنوفدم,هيتنفحب,اءمدقم,دجاسملا187يوتسيف,يلقملل,رخا184نم,145ب1يف,ءلباقم,100ب1ءادتق,ديرياراكر,اءربغ,اءءدتبم,173ا1ةلمنل,ءلياز,اءعفر,126ب1,اءراردم11ام,هداصح141دارمل,اءيوتسم,143ب1لء,اءنتلاسم,152ا1باوصل,137ا1يبل,اءعونمم,اءنطوتم,هاوجنابل,اءريهطت33حيبء,.اءدمع,اءيفتخم,انءابكر,141ب1,اءدعبف,اءينعم,نيدقاعتمب,اهايادث,125ب1لاز,اءتوق,اءروكشم,.اءفلاخم,112ب1نء,اءنقيتسم,ءلبح,اءضرتفم,140ا1ةزياج,اءفرتحم,اءعوبسء,اءيرابتع,اءبارغ,.اءراغص,اءتنعتم,.ةدعقلل,امهقدصم,نيلفغ172,.ءاشن6,.جارخلاg,.اءفلخ,اءيكبتم,تايمويلاف,اءصل,.اءدياق,.اءبكارH,87ب1مث,105ب1,اءرحس,اءناخ,111ا1نء,اءقرفم,.اءعوط,اءثترم,152ب1اذء,يغتملل,175ب1هتارم,124ا1كلذ,اءرثكتسم,1رادقمب,165ب1نم,اءدمعتم95سيل,ينفاويلف,ميلع115ن,166ا1,.اءثادحء,نولمعت8دارمل,اءفير,اءتوقوم103دارء,سن196اذ,اءحارق,83ب1ىلع,ةعاتطسل,ءلجوم,اءراغ,100ا1نء,94ا1,اهانادتب,.تاريبكتلاب,123ا1جرخ,76ا1هنء,اءنيهم102كاردل,اءرطف,.ةعكرلاt,ءلومح,اءرطفم,نيرختسملا24نيرخاتمل,163ا1ةب,131ب1ءلثم,161ب1قلطب,اضومل,اءرضخء,اءمسمس,85ب1,نيتيرخء,92ا1ةولتل,اءناحستس,103لوان,200ءافل,ةزانحل,111ب1اذء,مكرهطيل6,ءليوارس,ءلضافتم,.نيبوثلاب,83ا1ل,نييلومب,.نيبناجلاn,185ريبكتل,.اءدحء,هتينمثل,110ب1,امهيادتقاب,33لولح,135ا1كلهتس,اءروربم,اءعابت,.اءدعاقu,اءطساب,نولمعت15ةيل,84ا1ل,116ا1,هكروحم,اءعبصء,اءبوكر,اءرادقم,اءثعش,اءمغلب,ةعبارلا1يور,151ب1هناف,.اءروفغم,123ب1زييمتل,93ب1,اءقوتس,اءهزن,86ب1دج,اءقوقشم,.اءجراخ,اءمرتحم,.لسغيف,175ا1ىلء,اءدودحم,نوملعت239ىلع,موقلاومامل,.حيحصلاm,واتربر,ءلقب,هملطصاف,.اءببستوt,.اهتاكزل,اءقدنخ,اءنفع,ةكورتملل,اءظيلغ,.رذنلا141ا1,109ب1,اءمومضم,92ب1,169ب1هيف,اءرودم,.ءلماح,نوثكم77يور,.اءرارم,.اءطاريق,159ب1نء,165ب1ل,ورسملاب,اءذفنم,اءنكمتم,149ا1نء,نيقزرلا11ن,اءنايعء,اءحارم,132ا1موقتلاب,139ا1,ءليصق,150ا1يف,ناحبسبف,.فصنوv,ملسلل22هيلع,.هللاv,.امهدجس,اهحضو1,162ا1,.اءبج,.اءماسقء,اءرغث,هفولع,دحا1لوطء,104ب1,.هيفz,اءذوخام,نيعونممب,.داهشتسلاj,.اءقرفتم,هلصقف,اءحلص,نيبيطب,اءدوم,اءفيص,ةيبلصلاب,ةنيمركب,ةيفيرطعل,اءتيوف,.اءعطاق,146ا1ل,اءزاكر,اءباود,153ا1لوبق,نورشحت203يور,.ضفرلاI,113ا1دل,.اهفاكتع,.ءلطاب,158ب1ةلبقتسمل,اونطوتيل,سيدعلاب,.اءرفاسم,ءلورسم,اءدلوء,هليسغل,129ب1ىرخء,.ءلصف,149ب1ام,اءفوفص,94ب1اءرهش,.كلذg,اءكرد,دداقم,اءعبض,اءنوتخم,قناودلاب,.كاسملل,.اءرهش,116ب1,اءيدب,.ةلاسملا142ب1,ةنرع170ا1لضفل,ءلخدم,.اءدارم,اءروطسم6نم,نودجسي21عوشخل,اءيقستسم,ءلثتمم,154ا1,نهتيع,.يخركلل,اريهطت33ن,.اءيح,اءضوعب,اءدجس107رورخل,.تغلبj,اءبكر,114ب1نء,.اءطوش,ميلعتللاف,اءدافتسم,102ب1مث,.ناتموق,اءسلفم,اءساخ,.ءىموملاب,162ب1وء,اءنوزوم,اءيلقم,اوزلا163ب1يونيف,اءخوسنم,اءيدانم,يوبلحل,.تاريبكتلل,.اءربتعم,99ا1يف,اءدوجس,جحلا197اوفلتخ,98ا1يف,نورفكلا1,.اءبصغ,تريبكتل,اءعفادم,اءماملء,146ب1ةريرذل,اءفيف,اءفاكتع,160ا1,.اءباوج,اءصوصنم,185دارمل,115ا1دير,اءمهس,.هتلوء,اءطوقس,93ا1ةلصل,نوملعت9ةيل,اءطلاخم,99ب1رث,اءفارص,اءيشح,طقسملس,.اءمامء,.ضفتر,يسرتسل,ءلومحم,88ب1,اءدعاقف,نايتلابف,174ا1لولدمل,ضافترل,153ب1ل,ةيتلصب,.اءرف,اءميلست56,.كانملس,اءصخر,132ب1,ميقمللصفل,164ا1هادء,اءبنع,1مهولمز,96ب1,174ب1نع,.اءريس,اءريثك41دعب,.اءريهط,اءعوجر,اءنسحتس,اءريصع,155ا1عب,اءسوق,ةيايلصمل,اءرافغتس,اءيفان,89ب1,157ب1نء,.اءعفش,اءيمء,اءتوب,اءيضفم,ضيرخد,اءفاحلء,101ا1يبء,اءريغم,156ب1اءيناث,.دارجلاوd,.ناتياورt,اهيواستف,119ا1تيملل,ءارقفلل60,173ب1,اءبقاعتم,هتوارق,اءربدتسم,اءنارفعز,.اءنيعتم,ةمضمضم,اءيبرغ,.طقسفv,170ب1,هنايثغ,ةلصلا91ا1هنء,اءروزوم,161ا1ةرافكل,نارمع30.ةيل,144ا1,.اءيبتحم,اءطيخ,اءيبرح,.لجرلاk,ميحر20ءاج,نارمع191لاق,اءسانجء,اءيشغم,.اءعباتتم,133ب1,154ب1,97ب1يتدجس,.هتلصu,اءنينج,156ا1ام,115ب1نء,صيقنتلاف,اءعبشم,135ب1,هلصفق,اءرازء,اءريهط,103مس,.اهشرتف,اءينامث,ءليزم,اءفاج,ةلصلاk,.ىهس,اءثوغرب,171ب1برش,.ضرفلا5,.راشاr,118ب1,هانغلف,اءدحتم,.داهتجللd,هرما95,تاخسرف,ىكزارد,اءرورغم,.قافتر,اءشع,120ا1ىلع,119ب1نء,88ا1,137ا1يف,ربكلا3هتق,ا60لاق,اءكرتشم,101ب1يف,.اءطاطسف,نيرفاكلا42هلل,150ب1نيتيام,128ا1ةياور,مهبيرج,تاقسوملاب,نوملعت9اذهف,ءاثغ1,ي67رثء,اءييف,131ا1ةسمخ,ولا151ا1نء,اءدويص,افرحنل,اءرفظ,ءلاجرف,166ب1يء,.مهانعمب,169ا1هنء,اءقيفم,اءنياب,159ا1نء,.هيفB,اءروهش,.نيرجلاب,168ا1تبث,.اءمحل,ضمرلاب,اءيقس,نيرفكلا42بكار,همياوسب,.لزانمب,دصارملل,اءثانء,مهيلع103ةنسل,اءثح,.رشاعلاب,اءنيج,.لامh,96ا1نء,ةدعقلاف,اءطاخم,اءحسم,اءنيكسم8دق,.ءاسنلاh,اءيمحم,اءجولفم,اءمزتعم,.اءيد,اءرفص,.اءدح,اءماسقء,.اءيب,130ب1,117ب1يف,124ب1,اءسرخء,ةروذنملاف,نوننتفيف,147ب1ل,110ا1ل,ديكز,نولمعي144افلخب,ةرمعلاو196اهمامتء,نتمصاخمب,172ا1تق,.ةدوجلاl,.بلاغللk,اءصمق,.ةيتلصل,مهلوماو111,127ب1,.اءحيبم,.هنكمتب,هثاثتر,.ةلزنمبg,اءراهظء,.اءيفاع,اءنيجع,.ةلصلاh,اءصحب,اءصك,.اءناسحتساb,84ب1زاج,108ا1ر,89ا1,اءمنسم,اءيند,اءجرس,ءارقفلل60لء,122ب1ميهاربء,نوملعت9دارمل,ءىقتل,.قيمعتلاب,ءلاوق,91ب1نيروجحم,107ب1مء,.روجهمب,متفخ101,ءلوعفمل,138ا1منغل,يتيركنسل,87ا1انعنم,مكاتا33نع,افراعتب,167ا1,اءيموم,118ا1ىضق,اءقدش,اءراجشء,121ب1ناف,106ا1ةنسلاب,136ا1نء,108ب1مكحل,ةجيوزتب,.حجارلل,114ا1ةبرق,134ب1,اءعامج,.اءجارخ,اءجارخء,نوحلفت77,نومحرت204تلز,ةلصللصفل,اءحيجر,نوفدملاف,اءكلمم,167ب1مهيلع,اءنيكس,.هتثلاث,176ا1,144ب1رم,اءدمجتم,اءضبق,اءدحا,98ب1,112ا1لعجيف,اءميظع48,90ب1,82ب1ىلع,130ا1ثلث,اءفورصم,101ءاج,اءيسوجم,ىداتتف,اءتوفم,.مارح6,اءنونسم,اءعرفتم,.ليطنf,128ب1نييلول,اءقاهد,.اءضرع,109ا1ىلع,142ا1لول,اءدبلم,اءبيبز,اءسولف,160ب1يبء,95ا1نء,103ا1رمء,.ءامياب,اءدودمم,ناجحء,143ا1ثرومل,.ءليزج,اءضراع,اءرامج,اءمتوم,هلياسمرخء,155ب1يضارل,120ب1يل,اءيرط,.اهنم157ا1,اءشاطع,اءكتهتم,اءبوسحم,113ب1وء,138ا1ةيل,يسيواهطل,اءيلهء,133ا1ءايشل,ءويقمل,اءتنب,.ةلبقلاh,تدقاشتف,.تاحيبستلاب,اءقاحلء,.اءدمعتم,اءعاب,مكل271ةيل,اءمومح,.هتلصm,164ب1,85ا1ضعب,.زياجn,ءلطر,اءرمحء,نهفجعب,126ا1يلص,.يدرتل,طابلاب29لوان,اءقرغتسم,اءرسب,.نكاسمب,اءرجاتسم,اءمتخ,نرمع169انل,اهانفرصف,نوملظي281يور,اءدايج,ينارصنلاوغلب,.اهتميقd,اءقازرء,103ب1نء,.ةلصلاt,172ب1,.اءريب,نيعقاوم,هناعبتتس,اءزعام,.ثلثY,107ا1نم,.اقرتفاh,.سانلاk,اءديدس70يور,.اءجوز,129ا1بجاول,اهفصوتس,.لصفلاh,ءىموملل,اءنومام,.اءرسوم,.ةرسيوg,139ب1,ميجرلا98هلل,اءعيفر,171ا1سمشل,.اءسلفم,ءلياس,176ب1لعج,.اءركذ,اءفاحلا273ل,137ب1نم,.مهرد140ب1مث,203ءاج,.كشلابp,وضوتء,اءبطح,اءعبرتم,.اءحابم,اءتوقوم103ءاج,افرصملاف,158ا1لجرل,95ب1,.اءزياج,95لوانتف,هللا106ب1ذو,امهعوكرب,168ب1اندنع,اءراشع,اءمامح,121ا1اءعراش,ءلمق,90ا1ةدجسل,.اءيس,اءيداغ,134ا1تاهمل,اءركنتسم,105ا1,148ا1ةيرشع,.اهترثكوv,.تولصل,اءنيرج,97ا1يف,اءناريث,125ا1,104ا1,هتااثوروم,انتاعدب,روطتملاب,نوفورجم,ثادللحلاف,5ببسل,تماسيل,رجهتس,4/553امف,نييملهل,مهدتعء,تافاكتعل,3هاضر,ىنبتتء,هاتامف,هتيجذومنب,اهتايجيلويديء,انتاعمتجمف,مهيفاونل,ةيياتفل,مهيمحيس,هظفلن,1/272نمم,مهتفرتج,انحونج,هرطسنس,ةقيحم,264امف,جراهتلل,اولجتس,مهفتاه,ةيللشلاب,هرمثتسن,رانمس,مهءاهتل,1/271دافتس,اساطسق,هتاميمص,اهلثمتنل,نهصيصختء,زفحن,تفوسوركيامل,اهتراثتسل,وضغلاب,اشحاب,كيامب,يجتسنء,اهرظحب,سابوركيم,اوحودقم,نويروتاتكيد,ىزعتن,ءلهجلاف,اودرفتل,اهوهفم,نوبطقتسمل,ثيبازليء,ضحمن,مهوظفحيل,2/367امف,تايبع,ةيلاجترلاب,مهيصقار,تايميداكلاف,ةديمص,2/413ناكف,افلزتم,يتارواحم,اهلاتغيف,تاييرملاء,مهجذامنب,نسحتيف,اهتاعرض,اويلامسار,719نسح,تكرعم,3/220هلوق,ص18فرصتب,نوصمصم,رانمسل,ㅁنء,ياوشلاء,3/210وبء,ㄹهنء,نويكرح,هعيبان,اهمنستب,هانتجء,يننغم,ريثتسن,ءااثرلل,اوزلللنلاء,يحودقم,نييناشلاب,2/60امف,ءيجافنف,انتيلاكشل,زدلانودجام,ةندندم,ㄱهنء,مهعصنء,تلافنركل,غبطصيل,ةعراضل,مهتاحاحلء,تادوهجملاب,.ةحاسلاف,:13/41لاق,هتيريهامج,ةيجولوبرثنء,انماظنف,تايرقمل,374امف,ةيساتم,3نامزل,ددبتيل,:1رادقمل,ةيلاجتراب,راواللج,اهتموظنمب,مهوافخ,نلماعف,نينحلم,ادنيليم,هحياضفب,مهيطخمل,:1هتيور,نيفاغل,7سنجل,12/73دوصقمل,ديلاقمف,اهتيخاب,ةيليفايكيمب,.…بج,مهنيبلاطم,:1/515امف,اهتايعادتب,ثدحنس,ةقيحسلاب,اهتابكنب,ةيلامانل,انلابقاب,تابتكملاف,4/324هاور,يرياثاتل,اولتحيف,1971ءاوس,ةشهانل,ةيجوجاميدلاب,.…رود,281امف,هنوعضا,ةلسارمف,انتادوهجمل,هنولمعتسيوء,انتاعدل,1664ةنوعمل,حفانتء,نوروفوم,سكازور,طورشلاملع,يبادرسل,15اهل,/طسولاددعلا9067/25ربمتبس,هلتقمف,1500رصنع,ناستناغفء,دلجم/ىواتفل,مهتذاتسء,40اولاقف,دادعتبلاب,ةذبن/ماعل,اهنوصلخيس,نيدعلا/ةمواقملا27و31/,هتيجولوديء,اهتسرطع,6يلاتلاب,1991ناب,مهتفاياطل,21/12/2002,.نيتيبيلصل,14مكنيب,ةياياسن,–نواعتلاب,22.رياربف,يتموكحب,1982دوج,23دارفء,2ناضتح,–بسحب,مهتيسايس,.مهقورم,رايعبمف,اومعز–نوكا,16اطابش,10ءاحنء,18وزغ,31لتحمل,ةيرشبلاراياس,ةياياروشاعل,سيمخلا25ربمتبس,نوقزمم,سامتفل,يايانماخ,ههاكنتس,.هتاقاتشم,ديعبانع,29ةيء,يايانيماخ,ميلع54امنفء,يلايارسل,تحت/هلل,مهتاماصتع,عاقبلادق,مهنعنم,28لاقم,/ةينانبلل,ةمحارمل,16مهيمر,ىعاذء,اهنروكذ,.نييمسرل,مبباد,نويساسء,/طسولاددعل,اتاحيح,.اهتدنجء,ي69,35ةاشنل,11ايسء,12ىلاع,يساملبد,يوتسنونلع,نييريشنبل,21رياربف2007م,مهضاغبم,1996اهريغ,37مهرمء,نوولاق,اورورغ,مهعاياظف,ةشافتنل,30تثدح,38هدير,.ززعتل,نيتدنجء,نويتامغرب,19اميسل,1979ةدايقب,اايليايارس,.اونك,اهثهل,6قيدنز,2003هريغ,08/02/2002,.نوراث,هتاوقم,نيتدنجل,.تابذاجتل,مهههولك,اهههينذء,نولقاهههثتم,.هتاده,فاهجرل,اهههقاثيمب,ماهههظنلل,اهرهههصب,ادههههاج,اهههجرااخ,اهبوروء,نيعجارتهههمل,تلءاهه,ةهههبذبذمل,نيرثاههتمل,ريهههصمل,عههلتبتل,تلاههكوب,نيديعههصل,نيهههصكانل,اههههاعر,طرهههفمل,نيلذهههخمل,مهورهاهظ,مهلاهههح,مهملههستس,اهههدز,اهههنورر,نورههيط,ةددرتهههمل,نوههحور,هنامهههضب,روههههظ,هههياوطل,مههكثروء,عوهههضخل,نولههصح,مهتقافههص,اماحرتههس,ةههيفومل,رركتيههسف,عهههسيل,طيبهثتل,هوهههجر,اههسارب,اومكنم,ناتناحير,كلبش,ىديق,قن1021,تارباصلاب,يهداوجل,ثيلنامزل,نهعو,انيرهاط,مهفويط,نوغوريل,هوفلخيس,ورقتحم,رمبفون1991م,انناغفء,ىدهلاكساب,اهتعورل,مهلدملاب,ترحدناف,نمللش,امنيحماهس,اضيفتسم3,مهلتقب______________________,هتفهلب,اهترسكلوب,ينيزتماء,ىقبتملاليمع,تواهتوليحتسم,رواشيب.,ميتلنس,تنا7,يقاملل,اهياايم,انيقداص,ىدفلل,نهملحل,جلبنيس,تايهادل,تيتاو1,عقنتسمماتيل,نيهللاب,انهلاايداعل,يكبتليثم,مهلبقديشر,اربكم,خيصن,مازعء,نمارجف,نوقشعياوماق,توترااوررح,انيجزء,مملامسنل,تراثس,اهجهنبمازقل,قن1026,حفاولب,نيدلو1,يتيحتف,مهدلخلماس,امماغلء,جاماوكء,هللابمانغء,نيجلد,اربصمام,انيكرل,ةجاحلهوجول,ه24/11/1989,يرابكاف,ديحوتلالخدل,ابقوليلجل,اهاوقليلع,امدعبىغول,غداصل,سلاجملاملغ,اهماركماقم,ةازغلاوليتفل,مكماغط,املماجس,مايقللشيج,اقحالطبل,هدازو3,املاظمانل,مهوردصب,جعدم,هواوضء,اهدقحل,انتلذل,اضراردق,ةداقلاومامغ,هيلعرسعم,طماثء,هيفطيلسل,تقبساربص,بردل,ملةيرمع,عشمليثم,فحلاف,مدقتعزج,ه19/12/1989م,انيرياحل,ممهيرد,يبروليلخل,تنحنل,اوقونتس,اسواشء,هجيرل,يثراس,يتيموق,يياثر,مكبلقف,انهبجف,ىجشلارمض,نرحبتل,داقتعاتاهجوتل,ةهيركلل,مهجيشنوهف,دلاىر,ءانيجل,مزهننس,يسن2,يتيند,غيصدق,ءابحلاف,تخود1,غورمم,وس5,داوفلاوليوع,يتداعسف,يهسو1,ترجفويمف,تلاوتليلج,هتاضم,يقولناش,وطسالوج,اديدانص,تشاجتساف,ماضنس,عاهضوخ,اوميتل,ديقف1,هللابماكر,مظعلاايازرب,_دارمل,نيبكوكلاماتخء,ابااماظعل,اهسملتام,اهنببص,ينيفعء,رهقنء,ابجام,رخلا1410,مماجحل,ايانملاهبيط,اهحفن,ارهدز,يلقليجل,ىسللف,نماسجل,دقلوماهلل,مكفيسمايلل,/حلاصل,انيمرجمل,يناسلوينازحء,ورقس,تاداقلاب,ةيرذماركل,مايغء,ضبقمف,اومترص,انبيبجل,مكيامس,13/7/1410,يتاسايس,ضفتنمممح,اهوفقوتل,قن30/11,رغفنم,ىوطتام,اهيعزناف,يحورللظل,اهقفخل,ايانملاوقيرطل,اقناعماهروخص,توهمهنء,ةذوخب,ىلوتوليصف,هاتمضو2,اهتنمب,يندهيف,افكلماوع,مدوماغنل,دعسمارجل,ناماصمص,ملعمارح,ةفصاعنوجعم,تدهشتاملكل,ةحاويف,سمادملعل,خماسل,اعدتراف,نمماسنء,تكبلبجل,اهيدتفيل,جوتمماظ,ىرترك,حححرتساف,مهديشنتح,ةراشا21,تلنماكحل,هيكبتل,دقماصخء,عرعزتيل,ارطفناف,مكحابشاميحجل,ةيحت1,لبشمامذ,ىظللاديعصل,اهنعنايلغلاب,وهذملل,انفوحز,يسلاجمىدهلل,يفرذاف,دقنارسخل,انتكيء,موقسل,مهتعدوليصء,اهنزحانيحايرل,نىيملاب,ىتفوليلكء,تبهاونلطب,تسكنتومل,اهتاسبق,انيعناخل,شاجلاف,ىنيتاف,انوتهل,ةنوعلمناطيشل,نوسييتس,ماسحوةمزع,تاقباع,يتاهمامء,انديهشوماربل,امتديشماحرء,ةقرقرم,/1989م,ترجفتاملظل,يتفرغبحابص,يتبحامايل,تايفاقل,هيعنبمار,رسحافماغرضل,ماومانء,حيرلاواوم,تبتمهعبن,ينثننل,جعلقمل,اهروهزف,ىغولاتابث,نادزمل,ىهنلاوتاذل,امناكارسح,داببسل,شويجف,اووسختلفمارغ,يدنلارجفل,متلحاف,ةبوهومع,ةلجم87,نباليلذ,ديدجبش,مهتقعصل,مهلمحبدج,مهلباوب,جراربخل,نيحيان,نايفكن,انيكتسء,مهارنليلد,دشي3,منايدنج,امدعبهل,ارذمام,ادساتسم,شوكد,عصميحاون,مكتومب,انيرجهتلف,ءاطعملااول,يعدودوقيس,اونجام,ىتحليلص,يفاارهسل,انثغتل,تدسام,ةموونل,مهجولعب,نييلملابلوطسء,انيمشاغل,هماهسينيطسلفل,اودعتسامانل,اوقطتناف,ماشلاتاقث,يلامركلاب,قن83,تيزعنيد,ماقليز,متيارااومار,تبف1,فاتيل,انحاسب,يتلذاعا1,مهفحتل,ثداحلا26,تامزعلاب,هتململ,تلقةيسدقل,اناصقاب,موقايتافرع,نيمطماشل,قن66,__لجخل,عفانبم,ناكملوعف,ىفاوتام,اهمهرب,يهابتللملسل,امسارم,ءانمالولحل,اممامكء,انشويجف,تامحلم,اهاقتلاف,ىجدلادوشنمل,ناتفلااهعاتم,تناهينابرل,تايماحلاب,تاهبجلين,اوملعاعدبل,تامتعم,انووخل,رساوماق,تبتك12/5/1410,ةطقسف,يطنقتىلعل,امسلاماثل,سناعجشل,اولوقيمهدرط,قفادلاب,هتتبناسلبان,اومهركذ,عقلباهنود,ادغرء,قن946,دعترل,نيهبماتل,حيرجف,نعهاقس,انيزرل,مهليبقتب,ءزرلاف,اقللا__,اذشداهجل,انسارب,اهاجرختاساف,مكناج,هومتدلاج,حيلاج,هااجانف,هنعاجاريل,567عاساتل,173ثلاثل,202سماخل,315سداسل,اواجراسء,657سداسل,240سداسل,564سداسل,136لول,822عاساتل,727نماثل,559لول,80يناثل,923نماثل,631ثلاثل,122عباسل,380ثلاثل,259سماخل,482سماخل,392سداسل,603رشاعل,913نماثل,787ثلاثل,403سماخل,899عبارل,763ثيدحل,495ثلاثل,961سماخل,876رشاعل,770عبارل,مهتاجرخء,384عباسل,959ثلاثل,196عبارل,19قفتمل,429سداسل,946عبارل,151عباسل,487رشاعل,166سماخل,124عاساتل,271عباسل,385نماثل,757يناثل,467عبارل,453نوثلثل,830ثيدحل,874نماثل,245يداحل,155يداحل,213ةرواس,230سداسل,687لول,907يناثل,582سداسل,355يناثل,راجاتاساف,878يناثل,738سداسل,786يناثل,735ثلاثل,261عباسل,422سداسل,508لول,225لول,846يناثل,39قفتمل,491عبارل,750ثلاثل,577لول,ماجارتلاب,118ثلاثل,638ثلاثل,60ناثيدح,926ثلاثل,864نورشعل,912عباسل,933رشاعل,922عباسل,193يداحل,847ثلاثل,205ثلاثل,975نماثل,858ثلاثل,335سداسل,920سماخل,401ثلاثل,394نماثل,430عباسل,807عبارل,382شماخل,125رشاعل,823رشاعل,23سماخل,235يداحل,837يناثل,190نماثل,621يراخبلل,43قفتمل,مهءلاجء,210نماثل,540نورشعل,اهسلغن,154ةرواس,178ثلاثل,536سداسل,606امهدحء,مكلهااج,841سداسل,338عاساتل,450عباسل,456ثلاثل,114عبارل,195ثلاثل,834امهدحء,885عبارل,967سماخل,774ثلاثل,832ثلاثل,765ثلاثل,455يناثل,97عاساتل,436ثلاثل,اهنوفاج,14نماثل,109عباسل,911سداسل,213يداحل,555لول,471نماثل,868يناثل,575يراخبلل,724سماخل,691سماخل,68قفتمل,292عبارل,512يناثل,583عباسل,نيلقملاب,646يناثل,123نماثل,432عاساتل,813عبارل,957يداحل,703عبارل,323عبارل,280سداسل,387لول,119عبارل,184يناثل,744يناثل,740نماثل,489يناثل,48قفتمل,270سداسل,341يناثل,759يراخبلل,406نماثل,324سماخل,61قفتمل,851عباسل,250سداسل,3قفتمل,632عبارل,551سماخل,674يناثل,71عباسل,44سداسل,139عبارل,اهوراجوء,85عباسل,49سماخل,321يناثل,هيتبناج,515يناثل,24قفتمل,463نوعبرل,702ثلاثل,67ثلاثل,142عباسل,520يناثل,656سماخل,572يناثل,298رشاعل,782نماثل,811يناثل,27عاساتل,251عباسل,38قفتمل,972سماخل,312ثلاثل,557ثلاثل,نهركذتاس,288عبارل,22ةورع,33سماخل,هتداجوم,52نماثل,671امهدحء,745امهدحء,664يناثل,64قفتمل,264نوعبرل,475يناثل,217سماخل,32قفتمل,157ثلاثل,307عاساتل,437عبارل,584نماثل,953عباسل,426ثلاثل,266يناثل,ادهدتيف,386عاساتل,454يداحل,انحتفتاساف,149سماخل,433رشاعل,238عبارل,50سداسل,694ثلاثل,651عبارل,904عاساتل,649يناثل,445يناثل,862نماثل,722ثلاثل,793عاساتل,652لول,2قفتمل,451نماثل,908ثلاثل,13عباسل,569ملسمل,286يناثل,277ثلاثل,828سماخل,9ثلاثل,955عاساتل,618يناثل,477عبارل,917يناثل,890ثلاثل,513ثلاثل,284نوتسل,439سداسل,اههركتاساف,70قفتمل,269سماخل,869ثلاثل,42قفتمل,766ثيدح,ينتملعتل,64نورشعل,15قفتمل,556يناثل,642يناثل,414نماثل,105ثلاثل,اوكحضتاساف,861عباسل,622لول,483سداسل,هنواجان,232نماثل,903نماثل,902عباسل,63قفتمل,219عباسل,898ثلاثل,113ثلاثل,545يناثل,573ثلاثل,92عبارل,121سداسل,194يناثل,916يداحل,783امهدحء,855يداحل,970ثلاثل,910سماخل,107سماخل,18قفتمل,57ثلاثل,اهيلمتحاف,679عباسل,260سداسل,273عاساتل,792نماثل,368لول,172يناثل,223يراخبلل,947ثيدحل,624ثلاثل,مهتيلخف,743ثيدحل,700لول,276يناثل,696ملسمل,470عباسل,788عبارل,768يناثل,505عبارل,894يناثل,486عاساتل,216عبارل,290يناثل,126يداحل,249سماخل,725سداسل,135نورشعل,756لول,134عاساتل,502لول,511لول,607يناثل,711يناثل,688يناثل,395عاساتل,343عبارل,629لول,441نماثل,870عبارل,932عاساتل,859سماخل,333عبارل,408يناثل,739عباسل,69سماخل,167لول,360عباسل,25عباسل,836ثيدحل,784يناثل,175يناثل,53عاساتل,191عاساتل,927عبارل,233عاساتل,848عبارل,62دنسم,941امهدحء,241عباسل,492سماخل,23ريااس,153عاساتل,710لول,677سماخل,340يداحل,120سماخل,619امهدحء,56قفتمل,74نوثلثل,344سماخل,326عباسل,771سماخل,853عاساتل,54قفتمل,826ثلاثل,369يناثل,265يداحل,600عباسل,154رشاعل,283عاساتل,45قفتمل,274نوسمخل,707يناثل,960عبارل,16قفتمل,504ثلاثل,459سداسل,781عباسل,435يناثل,666عبارل,476ثلاثل,976عاساتل,808سماخل,218سداسل,500نماثل,317نماثل,65يداحل,802امهدحء,849سماخل,918ثلاثل,275يداحل,708نم,529عاساتل,14قفتمل,488يداحل,535سماخل,672يناثل,5قفتمل,857ثلاثل,374عباسل,361نماثل,52قفتمل,140سماخل,795لول,720لول,12قفتمل,303سماخل,اولمكتاساف,ينولتقياس,668سداسل,749يناثل,597عبارل,346لول,اهماجا,717امهدحء,331يناثل,952سداسل,965ثلاثل,865يداحل,مهعيضب,587ثلاثل,279سماخل,393عباسل,332ثلاثل,942يناثل,302عبارل,هيتداج,347يناثل,26نماثل,396رشاعل,630يناثل,87عاساتل,31دنسم,256يناثل,367يناثل,856يناثل,721يناثل,22عبارل,143نماثل,222يناثل,558عبارل,525سماخل,789سماخل,824لول,322ثلاثل,449سداسل,99يداحل,هاجرحدف,316عباسل,108سداسل,37عاساتل,537عباسل,943ثيدحل,542يناثل,293سماخل,889يناثل,835يناثل,764يناثل,658عباسل,683ثلاثل,553عباسل,578يناثل,900سماخل,728عاساتل,648لول,806ثلاثل,963ثيدحل,11سماخل,424لول,519لول,353عبارل,310لول,91ثلاثل,نعاجارتء,96نماثل,اجزف,730يداحل,نياجاح,678سداسل,939يناثل,447عبارل,289لول,552سداسل,214يناثل,843يناثل,566نماثل,21قفتمل,7قفتمل,305عباسل,378يداحل,207سماخل,854رشاعل,59قفتمل,هاعماج,499عباسل,829نع,297عاساتل,61عباسل,919عبارل,746يناثل,141سداسل,160لول,45لول,319رشاعل,547لول,570يناثل,272نماثل,412سداسل,291ثلاثل,165عبارل,هانعماج,57قفتمل,741امهدحء,803يناثل,416رشاعل,881سماخل,60سداسل,594لول,706امهدحء,906يداحل,689ثلاثل,695عبارل,754عباسل,381عبارل,714امهدحء,944يناثل,833عبارل,866يناثل,839عبارل,729رشاعل,427عبارل,628عباسل,543ثلاثل,201عبارل,420عبارل,158عبارل,66يناثل,31ثلاثل,376عاساتل,860سداسل,يزاجر,468سماخل,443نورشعل,893ثيدحل,32عبارل,350لول,211عاساتل,6قفتمل,247ثلاثل,257ثلاثل,359سداسل,892سماخل,598سماخل,73قفتمل,755نماثل,506سماخل,448سماخل,797ثلاثل,799سماخل,472عاساتل,51عباسل,951سماخل,956رشاعل,798عبارل,306نماثل,262نماثل,588عبارل,534عبارل,462عاساتل,653يناثل,320يداحل,901سداسل,51قفتمل,580عبارل,604يداحل,314سماخل,389ثلاثل,800سداسل,383سداسل,873عباسل,446ثلاثل,425يناثل,40قفتمل,418يناثل,818سماخل,796يناثل,905رشاعل,50قفتمل,اهاناطعاف,805يناثل,252نماثل,561ثلاثل,937يناثل,امهلافتح,296نماثل,226يناثل,820عباسل,612يناثل,608امهدحء,دلااج,197سماخل,485نماثل,767لول,480ثلاثل,852نماثل,510ثلاثل,182عباسل,526سداسل,523ثلاثل,65قفتمل,132عباسل,490ثلاثل,55يداحل,522يناثل,632سماخل,550عبارل,610يراخبلل,440عباسل,362عاساتل,30يناثل,909عبارل,144عاساتل,200ثلاثل,77ثلاثل,176لول,532يناثل,676عبارل,660يناثل,مههاجوب,791عباسل,637يناثل,948يناثل,330يداحل,هدعابتم,371عبارل,613ثلاثل,304سداسل,742يناثل,104يناثل,388يناثل,71قفتمل,810لول,115سماخل,311يناثل,117يناثل,496عبارل,667سماخل,43سماخل,امهانيتاف,464يداحل,494يناثل,69قفتمل,760ملسمل,509يناثل,122هذ,576ملسمل,370ثلاثل,599سداسل,168يناثل,309يداحل,530رشاعل,171لول,670يناثل,562عبارل,887سداسل,299يداحل,417يداحل,718يناثل,605يراخبلل,804لول,962سداسل,596ثلاثل,390عبارل,498سداسل,586يناثل,86نماثل,524عبارل,776يناثل,131سداسل,560يناثل,9قفتمل,203لول,752سماخل,375نماثل,64لثتماف,70سداسل,850سداسل,886سماخل,692لول,625عبارل,413عباسل,778عبارل,88رشاعل,685سماخل,علكاذ,84سداسل,585لول,639لول,137يناثل,938امهدحء,281عباسل,949ثلاثل,152نماثل,258عبارل,753سداسل,701يناثل,964يناثل,377رشاعل,58قفتمل,565عباسل,4اننماف,95عباسل,761ثيدح,127يناثل,253عاساتل,هتاجراساف,هقرااسء,55قفتمل,407لول,129عبارل,527عباسل,693يناثل,228عبارل,410عبارل,936ثيدحل,554نماثل,48عبارل,516ثلاثل,888ثيدحل,458سماخل,444يداحل,329نورشعل,533ثلاثل,879ثلاثل,397يداحل,405عباسل,236يناثل,36نماثل,974عباسل,779سماخل,90يناثل,17قفتمل,267ثلاثل,790سداسل,950عبارل,659امهدحء,4قفتمل,8لاسراف,840سماخل,62نماثل,858عبارل,626سماخل,709يراخبلل,اهوماجرف,602عاساتل,174لول,400يناثل,884ثلاثل,170يناثل,748لول,690عبارل,442عاساتل,188سداسل,968ثيدحل,هااجرختاساف,47ثلاثل,945ثلاثل,465يناثل,162لول,539عاساتل,اواجرفف,593يناثل,163يناثل,514لول,63عاساتل,282نماثل,هوااجرء,452عاساتل,673لول,53قفتمل,969يناثل,723عبارل,772لول,737سماخل,295عباسل,82عبارل,35عباسل,546امهدنع,419ثلاثل,669امهدحء,571لول,650ثلاثل,682يناثل,814لول,110نماثل,479يناثل,342ثلاثل,26قفتمل,928سماخل,101يناثل,780سداسل,38نورشعل,921سداسل,هترختاساف,وباسام,41ثلاثل,اهتراجز,348ثلاثل,681لول,474لول,98نورشعل,208سداسل,278عبارل,94سداسل,54رشاعل,58عبارل,497سماخل,478لول,747ثلاثل,39يداحل,221لول,102ثلاثل,356ثلاثل,23قفتمل,503يناثل,46يناثل,138ثلاثل,239سماخل,423عباسل,10عبارل,929سداسل,654ثلاثل,785لول,469سداسل,733لول,16رشاعل,528نماثل,34قفتمل,189عباسل,391سماخل,150سداسل,285يداحل,924ثيدحل,89يداحل,493لول,627سداسل,438سماخل,334سماخل,59سماخل,801عباسل,351يناثل,882ثيدحل,164ثلاثل,867ثيدحل,827عبارل,775لول,831يناثل,415عاساتل,263عاساتل,76يناثل,931نماثل,81ثلاثل,930عباسل,777ثلاثل,643ثلاثل,يتعلاطمل,473نوسمخل,25قفتمل,41قفتمل,181سداسل,187سماخل,130سماخل,751عبارل,294سداسل,75يداحل,538نماثل,863عاساتل,411سماخل,896ثيدحل,958يناثل,574عبارل,461نماثل,56يناثل,72نماثل,229سماخل,220نماثل,404سداسل,364يداحل,891عبارل,531يداحل,244نورشعل,204يناثل,313عبارل,379يناثل,734يناثل,تراجاهف,819سداسل,328عاساتل,914عاساتل,517لول,736عبارل,34سداسل,769ثلاثل,816ثلاثل,287ثلاثل,133نماثل,111لول,581سماخل,883يناثل,49قفتمل,234رشاعل,402عبارل,هندلاجل,817عبارل,592امهدحء,254نوثلثل,237ثلاثل,37قفتمل,215ثلاثل,147ثلاثل,398يناثل,897يناثل,اهانلهاس,589سماخل,973سداسل,12سداسل,308نورشعل,838ثلاثل,145لول,611لول,665ثلاثل,579ثلاثل,255يداحل,647ثلاثل,24سداسل,339نوثلثل,507سداسل,623يناثل,663ثيدحل,954نماثل,36قفتمل,11قفتمل,428سماخل,مكعيااج,146يناثل,15عاساتل,484عباسل,875عاساتل,895ثلاثل,128ثلاثل,354لول,46قفتمل,199يناثل,825يناثل,28باجوء,179عبارل,641ثيدحل,73عاساتل,74قفتمل,79لول,227ثلاثل,934يداحل,209عباسل,186عبارل,68عبارل,925يناثل,877يداحل,845ثيدحل,106عبارل,541يداحل,243عاساتل,655عبارل,731امهدحء,نكاسوور,212رشاعل,8قفتمل,169لول,159سماخل,421سماخل,363رشاعل,645لول,192رشاعل,148عبارل,640يناثل,614عبارل,352ثلاثل,357عبارل,365يناثل,327نماثل,72قفتمل,466ثلاثل,521لول,821نماثل,180سماخل,705يناثل,112يناثل,712ثلاثل,248عبارل,40يناثل,06عبارل,366لول,871سماخل,373سداسل,83سماخل,595يناثل,28رشاعل,518يناثل,773يناثل,301ثلاثل,44قفتمل,17يداحل,336عباسل,21ثلاثل,460عباسل,242نماثل,563سماخل,434يداحل,872سداسل,842امهدحء,42عبارل,318عاساتل,732يناثل,431نماثل,880عبارل,29يداحل,815يناثل,704امهدحء,684عبارل,715يناثل,726عباسل,617امهدحء,409ثلاثل,268عبارل,549ثلاثل,156يناثل,601نماثل,100لول,620يناثل,78عبارل,358سماخل,325سداسل,812ثلاثل,337نماثل,481عبارل,185ثلاثل,966عبارل,هوعزفف,هنوعيابف,نارينلاراياس,هيهينسف,ةيماهتب,هعسون,اهثثبء,هنيلن,اوربجت,راتماف,نوفرستل,مهبسهلل,سيلهالاثماكء,ءياطاختايللواثيداحلاوء,هللاتسيلتعمسةاتفيفةعماجلالوقتتافص,يهكلتتايلا,تهللا,ي,ناوالاق,ىلاخيشلاميركلادبعنمحرلاميحسلا,زاوجاول,انهحمسايلنالاسانمنياتتاةقرفيضابل,عيماسلاريصابل,اام,جراةدافلا,نيلفاضل,ديحوتءامسلاتافصلاويذلارثكهيفليواتلاطعتل,وجرنونمتخلاناهبتنتعيمجلروماةديقعلاةصاخ,نمانتديقعانافيتفرعمةليلق,لثمباذهةرشتنملاوةرثكبيفايبيلنامعو,دقتعملا,محار,حمساويلانخيشلضافلانالاسا,رابوهللامكيف,هكرد,ةديازىلعهللااهنكلويهنيعتاذ.هللااناوفرعا,مكتااييفس,راصبلاوهوكرديراصبلاوهوفيطاللاريبخل,لهكانهتاياةجيتناهليواتياطاخلااهلاهداقاذهل,مدعقيدصتضعبثيداحلاةحيحصلاواةنسحلا.نم,تافصهللاتسيلةديازىلعهللااهنكلويهنيعاذ,هببسلا,ضافلا,مكازجهللااريخانخيشلضافلاىلعاذهحاضيلا,قرفلاةلاضلااهلنمتادقتعملاةياطاخلاةجيتنليوات,يطعتتافصللكلذ,هتاكربو,داقتعل,حيحصلاوام,رصنلابنب,اهناةيضابا.نكلوملمهفاىنعماهتلمجنياو,يشو,68عيلط,جناار,ايدااز,.مهتءارب,.مكدلبل,ج1/510,اهيا�,رامثتسلادق,�احلفلاف,DCعم,ةيناديميفسيراب.ص,جبواف,عدلاات,اهيلععم,�ىورل,لذكلاسراب,ملاةهج,46لايتغ,قامدن,نمنامغب,�نء,100ماث,انحناوس,يلامجلاةرمزل,178ةلود,مقر3544,عزملاةمول,ناتعفدل,اهتياايف,ةراقاوذخت,مهدانفء,ريراقتةضاف,ذافعن,ةنسماث,احاوبلاه.ء,4:24,���ىلاع,نيتفلكمل,4ةد,ةيرورضلاةيبلاغ,هسفنص,نكاياعر,عجاراحرش,اهحكني.احاكن,عزلاعاز,دحا.ص,50ناتسناغفء,تجفير,قعلا.لقعلااف,اموةيناسنل,.تاناضحل,مهومداص,قاميل,تيش–هاور,ةيملسلاتاملكب,تللاوانةماعل,هنمهنمجج,اروجنء,:1426هقف,حصفيلريث,دقفامهتدارء,مقر4034,ةلودنود,خلاص7,يعاصن,.اهنعلواح,122قيحرل,هللانيبء,�لاتق,ةصق,كذيو,BBCرب,ساولهام,:16\10\2005م,نونوحطمل,ملسب.هلل,انيدترم,.ج1/145,ةهجومةظقيلاورادم,ياضرقتن,مهحاضيء,:18\10\2005ماق,رضلاواء,يطارقميدلا,.مهحيرس,نيروتسدلاب,سوردل,يزهمهف,ىلععيلط,رامثتسللةطرفملانء,راجتلاون,يطعتواماع,دروناديم,ءابرغلايف,ارلاتعطتس,",5655ةجيتن",ولمو,ةلاسربسحتل,اذلماوملع,ةلاطبلاف,افوءرلادبعةيطارقميدل,نووتكمل,واافرتع,ج1/130ادب,دودحاونس,RPGلتق,يرملليي.,اهنوعيطتسي–نم,�مكيلع,خيراوصBM,–جرد,28متبس,صعمللو,69احوض,يلليروازام,ماث�,قرلام,اهقناعل,ص59,حسناونايع,ااىراص,مهتبابدل,دتاير,�������ةروس,شدياد,�لتق,احداوفل,ضروا,ةهجاومص.ةيطارقميدلا18,نملاوةرطيسمل,–لاثم,ختىف,اةليمعل,هيداغل,16ىلع29,اوذد,رصم–نم,ريتنورف,رلادبعءاف,.ةروجامل,انه–نم,تيخرش,ةارما–هاور,ىتشولخ,–ارواز,ميدقتوءارغل,جمةد,امكفافشو,ريشجنبف,7حض,ج3/214,اهلوحامويهف,نامجهتس,مكتماوق,تافدهتسمل,قداصيم,������������ةيل,.ايموي40نم,نهبوعش,.بثل,مهوارس,ناوةيعرشل,ريويش,اهيايازء,8دنهل,نفركذتس,ازلزلاومهتبسحنم,وقطانمل,جهنم,دقفاهايح,3ماصفل,يهوةينيومتل,عقتويبيلصل,15اطباض,نيبسحتم,�اد,.ةبابدلل,يللايل,نكلو.لصافل,ديهشلاهبسح,اقوىرجاهمل,نافبج,/ماسحملقب,عورد25نيبباقعل,ردلاةج,.نايبرع,ااعاضبتس,حبصتةوقل,نفاوصب,نرسختف,صصقلاباهريغ,150يلاتلاب,صوانر,مقر4732,ناتسناغفاونء,اتكبتش,يبطتلق,هءارشتس,44كيارء,هتوهتكىلء,",2003يتلاو2002",ااءاجتل,هاجمادللستلاب,ضفرونيتليمعل,",111وحن",بسلا69ةحلصمل,مقر1649,.ج2/5657,632005,نموعيمجل,19/2/2005نم,افوخلا�����,افرصننف,ةيرادلا,هيبن4/,ةيلل38ىروشل,اوعمجيىتم,اذهفاةروس,هحوضو,قحلامهرمء,ةلاسماماكحل,يف159نارمع,ةلاسمضعبل,ةيلاو38ءاملع,ةلاسملد,نايللصخل,يللنتبع,طوبللشل,مللتيور,ةللكيدل,يللضقل,اتخللسم,لهرامعء,وللمرغ,نوللحلل,يتياكحل,ءاللصخ,ءرذللل,سوميسيد,يللصخلل,ناللللللكمب,ارلللللللق,لمارع,ةدلليابل,ةبلاقللصل,سدلليلقء,.كللللذ,بلكفرط,سرالللح,اهيامللسء,.ءاللصخل,يللصاخل,ةرلللكفل,دلللللللح,زنعلاكملهللماج,رارلللعلللل,خباوىلع,نللللللللللللللللللللللللللللللللللللم,مللسيمل,هرللللللل,سللحلف,ءاللصخب,يللسلخل,هرلق,ريلمل,الصخل,ماللهفء,مارتواهلخ,زلللنعل,ادولس,ارلليع,حللبن,ارازلنتداع,حللطن,ملهلنلم,زاللمجل,يلللللبء,لهرثام,نيتللمء,يراللمق,معاهبسح,ةلللللللفارخ,سيواوللنل,للللللللللللللذ,.ةللبلكل,هلنلم,اوللنبف,يتللمرح,ءايلللللللللللللشل,نيتيللصخل,نلللللللللللللللللللللم,مللهنرمل,ريثللللللكل,وللللللللللللللق,نلكلملتف,ةبللصانل,لكلاهلبل,والسوور,يلللللللللللللللللللللللللللللللللللنع,تلصلقرل,موللقرل,ملكيلللع,يلياللسرب,حللكا,شللمخل,نادللمغ,ةاللطاعمل,قارلعلل,للكتسرع,مرللللكل,لنكولمو,تماللصلاف,ملجنلاتوحصف,تايدللنهل,تنغتبراحم,رهتمكتاركب,نرلليغيلف,ةرذللعلل,للنارل,للعيط,للللللنء,ريزلنلخلل,اوللظفل,تللقنخ,ثبخلالهارلق,للللللللللللللللللم,مللخفء,هرعاجمقرطء,هجولللللللب,دلللللللع,هللللللنء,وقنللس,ءاللعلخل,ظللعنل,هللمطخ,ايللصخ,نلتلنء,دافلللللللللس,دللللليز,قللفرم,.ذللللللليبنل,يلقلح,يللنربخ,اومللللللللس,.هدلللللض,ةلللهابعل,ضللبح,يماللنلل,ناولللللللليحل,نيدوللجل,تللللليب,.ةللللللللللللللللللللللللللللللللللللللللللللللللللللللللللللللللللللللللللللللللهاب,ديداخايطمل,ةثحابكهلللهل,نيلاللحرل,.الللللللللللهحابنب,.اللمار,ولللللللللمل,سيلفتىنغ,رونللس,هللجيرارف,ةلللغمل,ماعطلاىلء,ادلمالع,دهعادمحم,ديسلاكاظشل,هلضارق,ىللللللللللللللللللللع,مثاللللمل,كالصحخا,اروللمعم,تارلفقرحجء,حاللللللللللللللللللللللبنب,موبلالل,ريوللجتل,شلبكل,هسمخام,.ملللنهج,قدلصلل,اومدعل,.هيوللبء,عردللللللللللللللللل,سرلخل,دالعلف,شالللبكل,املاطديز,.هلدلللب,ةدارللجل,هتماعنتلاشل,هتقدرج,هالقولتء,ةندلللللللللسل,ضرااهنء,.راللللمحلل,راذلللنل,بلتعاوانصح,دودخلاس,.احيلللللللللللللللللللللللللللللللللسف,هتللصيصب,جالللللجتحل,نونجلاللل,ساللبتقل,للللليلق,ةللبلكلاف,مهراللعء,خنانتريع,ىللللللللللس,نلملخلتلتلل,ملفهلبللق,مرلك,اسنلاهتربدتس,ةيرللش,قارلعء,نيرونللس,مجلفلف,داسجبنرتتس,نرلهاكاف,هيلبانب,نثاربلاب,ةقللشقش,ةالللللناعم,هلسلجريقشل,اقبتللس,.هتمالللللقء,نالللللللف,لهترج,حاوعلمسء,نباشيلعل,نلسحتوةصلفلع,افيحلص,رللللللللللللللللللللليغ,قوللللللللنزمل,تعنمادولهش,نيلاقثمورقص,لللللللللس,نهراعللشء,ييلللح,لغارل,تافللللص,.ةلليورل,رللبعل,عللاضلاةقير,لنوافلخ,يراجيناوتج,صللمنتل,رللثكف,فالحمل,اييللللللللللش,انيمسوول,جادللخل,لهحوتفم,.ةلللللللللللللليحل,زغلاللللللللللللللب,نغاوانترث,روهدلللاب,لمهتنتمو,مذللهلل,رلللللللللللللليطتف,راذلهمريهزل,دلجلنلتوةرقاف,هيازلجرالمنس,هبقرتوريلعلش,.هللللمل,نالتنل,القلثلملب,ادولهلعوورمع,.لللليواتل,رلقتس,.لاللللللللللللللللللللللللللللللللللللللللللللللللللللللللللللللللللللللللللللللمل,كللاح,اهتنعاالعزاول,لكلايزالخلملل,ةذاذللااهريصع,.لالللللللحف,عبتتملاب,طثملهملحء,يللنبيف,ةلالعلث,دقهلحالتلفم,ةليلللللللس,سوميللسيد,اهطي,مهووللسء,طشكتس,تويلن,مهناللكمل,طولبهض,للللللللللللهنتناو,نيدلللومل,تةنوء,مللهغرف,زياهع,يلنلن,شرللكتل,ةللبلتجمل,تاقوللشعمل,مهدامس,منزاةبيرز,عزلللللنء,ةدلولللللللللللللللللللللل,ركنتللللللللللللسم,لجلنالهلعفر,اهحامللسء,نيرلسفمل,ةلليهيود,.دلللليبعل,ابللضعل,للكلاونب,.ءيلللللللللللللللللللللللللللللللللللللش,.مهتولللخء,علللللللجر,يبللعارل,علترلتفىلع,مهتنووللم,نوجلالللللع,.ملللللللللللللللللللللللللللللللللهيلع,مدللابيرمعل,ةبرللللشل,علللللللللللللللللللللللللض,رمخيلم,.نولللللل,لهنبجو,صاهلثم,هنجهلل,مللغنل,.ةرطيبلالللللللللللللللللللللللللللل,ناللمحلل,نللييزنعلل,تنخلس,هريرله,هدلسيف,نوللنزا,توكللللللللللللشف,زاغيصخ,اهينبتعيض,ناليمعل,قلحلس,سرللللفل,اصقللعلفلب,.اهللللللللسح,ىراللللصنل,رلللللللللللللللللللخء,هيرللض,رماللغلل,ترلمشف,هللتبير,اقرهلغالسرء,ةللنايبرل,علللللللللللم,مجكمء,.ةلللللللللللللللللللللللللللللللللللللللللللللللللللللللللللللللللللللللللللباقمل,ملعتللف,ىوللابلطلتلسمل,ماتةرلفذ,ينارتللع,ريلمامهتدوزف,.البار,حولبنل,جوزللب,نللللللللللللللللللللب,هلايلع,ريرللللللللسل,ةرونللسل,ةسبلموءارلعللاب,دايلص,هلتكيء,ملللللللللللللللللل,يارللف,رثللخء,مهفاللصنء,.عبلللللللللللللللللللللللللضل,حزاللنلل,بقملانوشغ,طاوللطول,ينالتاف,.هللللللللللللللللللللللب,زللجتح,نولهق,حايلصل,لللللللللللمك,نمعيلللطل,رهاظنمزل,لسلتل,يتعاطيحصن,جالللجزل,ظعاولللللم,نولكاللللللللللللللللللل,.اهمللللللللللللللللللللللللللللللللللللللللللللللللللللللللللللللللللللللللللللساب,.مكتارذلللللللللللللللللللللللللللللللللللللللللللللللللللللللللللللللللللللللللللللللللللللللللللللللللللللللللللللللللللللللع,مودلهلملاىحنء,اتملللللصم,طيطاخل,وللللللللللللللللللق,لللللتارمل,يزازتلل,وخسل,زلللللللللللللللللللللللللللللللللجع,وادرنب,نيللصوقنمل,تاناملامكنظ,هلجرحدمةدلعاق,لليرتع,اولاللللللق,نيلعلبسىلع,زالجيل,.دللللهجل,.مللللهل,حلملاتيقملل,اددسلاهلتلبيقح,ةللطخمل,اهريللللللللس,علبصء,يللصاخلل,ةللللللللللليقب,.باللللللللللبل,للجنم,.للللللللللللللللللللللللللللللللللللللللللللللللللللللللللللللللللللللللللللللليخل,هلماثلاهتراجل,ثلينختل,يريلللملح,ناهلبالتل,حابحلايقولسل,ناللشبحل,ديجتفم,صقالللللل,هيرمثم,رلضلمكبسحب,دقفميلمل,الللللللللللللللللللللللللللللللللللق,امهلستف,ةبرلللللش,.هللللللللللللللليلء,.ثورللللللللللللللللللللللل,تللسردل,لكلابل,ملكيولتلجل,هياللج,يلسلانعاطل,.علللللللللبرء,لللللليلتمم,يباللتكب,هللنحلب,ناعذللج,يعمللللصل,نذاةيامعب,يلايلميلم,اهشراهفالهلقرعب,ءلزللب,حلفانويلفيص,دولسمل,لهتماع,مرلهلاكسرع,رذملهلق,هورلثء,يللللللللللللللللللللللللمر,ضلللللللللللللللللللللللللللللللللليرغل,ينبحييبظل,طوللسبملاب,هاويدلعلج,ةوالتء,لهعيابطب,تلامفةبرلش,ةلللللليلهاجل,ىثللنخب,عردللللل,رللللللليزنخل,لمهنتمء,.حلللبقء,.ليبللللللللللللللللللللللللللللللللللللللللللللللللللللللللللللللللللللللللللللسل,ةرذللعلاب,حبنتسموسمل,تسلونيصح,ةللللللللللللللللللللللللللللمعطم,رتعملاةحالب,تايدالعل,طوللللل,.رالللللنل,للللللللللللللللللللللللهجء,لغلبلاو,ةرلللللمتل,للللللللللللللللللللللللللللللللللللللللللللللللللللللهياتفء,هماسحبعنقمل,اهعللللضوم,هتعيبلط,لللللللمل,دلهفتيلتللح,رتبنمناقاس,روزبللل,ةلليرهدل,اوللللتب
14430.0,14430.0,14430.0,14430.0,14430.0,14430.0,14430.0,14430.0,14430.0,14430.0,14430.0,14430.0,14430.0,14430.0,14430.0,14430.0,14430.0,14430.0,14430.0,14430.0,14430.0,14430.0,14430.0,14430.0,14430.0,14430.0,14430.0,14430.0,14430.0,14430.0,14430.0,14430.0,14430.0,14430.0,14430.0,14430.0,14430.0,14430.0,14430.0,14430.0,14430.0,14430.0,14430.0,14430.0,14430.0,14430.0,14430.0,14430.0,14430.0,14430.0,14430.0,14430.0,14430.0,14430.0,14430.0,14430.0,14430.0,14430.0,14430.0,14430.0,14430.0,14430.0,14430.0,14430.0,14430.0,14430.0,14430.0,14430.0,14430.0,14430.0,14430.0,14430.0,14430.0,14430.0,14430.0,14430.0,14430.0,14430.0,14430.0,14430.0,14430.0,14430.0,14430.0,14430.0,14430.0,14430.0,14430.0,14430.0,14430.0,14430.0,14430.0,14430.0,14430.0,14430.0,14430.0,14430.0,14430.0,14430.0,14430.0,14430.0,14430.0,14430.0,14430.0,14430.0,14430.0,14430.0,14430.0,14430.0,14430.0,14430.0,14430.0,14430.0,14430.0,14430.0,14430.0,14430.0,14430.0,14430.0,14430.0,14430.0,14430.0,14430.0,14430.0,14430.0,14430.0,14430.0,14430.0,14430.0,14430.0,14430.0,14430.0,14430.0,14430.0,14430.0,14430.0,14430.0,14430.0,14430.0,14430.0,14430.0,14430.0,14430.0,14430.0,14430.0,14430.0,14430.0,14430.0,14430.0,14430.0,14430.0,14430.0,14430.0,14430.0,14430.0,14430.0,14430.0,14430.0,14430.0,14430.0,14430.0,14430.0,14430.0,14430.0,14430.0,14430.0,14430.0,14430.0,14430.0,14430.0,14430.0,14430.0,14430.0,14430.0,14430.0,14430.0,14430.0,14430.0,14430.0,14430.0,14430.0,14430.0,14430.0,14430.0,14430.0,14430.0,14430.0,14430.0,14430.0,14430.0,14430.0,14430.0,14430.0,14430.0,14430.0,14430.0,14430.0,14430.0,14430.0,14430.0,14430.0,14430.0,14430.0,14430.0,14430.0,14430.0,14430.0,14430.0,14430.0,14430.0,14430.0,14430.0,14430.0,14430.0,14430.0,14430.0,14430.0,14430.0,14430.0,14430.0,14430.0,14430.0,14430.0,14430.0,14430.0,14430.0,14430.0,14430.0,14430.0,14430.0,14430.0,14430.0,14430.0,14430.0,14430.0,14430.0,14430.0,14430.0,14430.0,14430.0,14430.0,14430.0,14430.0,14430.0,14430.0,14430.0,14430.0,14430.0,14430.0,14430.0,14430.0,14430.0,14430.0,14430.0,14430.0,14430.0,14430.0,14430.0,14430.0,14430.0,14430.0,14430.0,14430.0,14430.0,14430.0,14430.0,14430.0,14430.0,14430.0,14430.0,14430.0,14430.0,14430.0,14430.0,14430.0,14430.0,14430.0,14430.0,14430.0,14430.0,14430.0,14430.0,14430.0,14430.0,14430.0,14430.0,14430.0,14430.0,14430.0,14430.0,14430.0,14430.0,14430.0,14430.0,14430.0,14430.0,14430.0,14430.0,14430.0,14430.0,14430.0,14430.0,14430.0,14430.0,14430.0,14430.0,14430.0,14430.0,14430.0,14430.0,14430.0,14430.0,14430.0,14430.0,14430.0,14430.0,14430.0,14430.0,14430.0,14430.0,14430.0,14430.0,14430.0,14430.0,14430.0,14430.0,14430.0,14430.0,14430.0,14430.0,14430.0,14430.0,14430.0,14430.0,14430.0,14430.0,14430.0,14430.0,14430.0,14430.0,14430.0,14430.0,14430.0,14430.0,14430.0,14430.0,14430.0,14430.0,14430.0,14430.0,14430.0,14430.0,14430.0,14430.0,14430.0,14430.0,14430.0,14430.0,14430.0,14430.0,14430.0,14430.0,14430.0,14430.0,14430.0,14430.0,14430.0,14430.0,14430.0,14430.0,14430.0,14430.0,14430.0,14430.0,14430.0,14430.0,14430.0,14430.0,14430.0,14430.0,14430.0,14430.0,14430.0,14430.0,14430.0,14430.0,14430.0,14430.0,14430.0,14430.0,14430.0,14430.0,14430.0,14430.0,14430.0,14430.0,14430.0,14430.0,14430.0,14430.0,14430.0,14430.0,14430.0,14430.0,14430.0,14430.0,14430.0,14430.0,14430.0,14430.0,14430.0,14430.0,14430.0,14430.0,14430.0,14430.0,14430.0,14430.0,14430.0,14430.0,14430.0,14430.0,14430.0,14430.0,14430.0,14430.0,14430.0,14430.0,14430.0,14430.0,14430.0,14430.0,14430.0,14430.0,14430.0,14430.0,14430.0,14430.0,14430.0,14430.0,14430.0,14430.0,14430.0,14430.0,14430.0,14430.0,14430.0,14430.0,14430.0,14430.0,14430.0,14430.0,14430.0,14430.0,14430.0,14430.0,14430.0,14430.0,14430.0,14430.0,14430.0,14430.0,14430.0,14430.0,14430.0,14430.0,14430.0,14430.0,14430.0,14430.0,14430.0,14430.0,14430.0,14430.0,14430.0,14430.0,14430.0,14430.0,14430.0,14430.0,14430.0,14430.0,14430.0,14430.0,14430.0,14430.0,14430.0,14430.0,14430.0,14430.0,14430.0,14430.0,14430.0,14430.0,14430.0,14430.0,14430.0,14430.0,14430.0,14430.0,14430.0,14430.0,14430.0,14430.0,14430.0,14430.0,14430.0,14430.0,14430.0,14430.0,14430.0,14430.0,14430.0,14430.0,14430.0,14430.0,14430.0,14430.0,14430.0,14430.0,14430.0,14430.0,14430.0,14430.0,14430.0,14430.0,14430.0,14430.0,14430.0,14430.0,14430.0,14430.0,14430.0,14430.0,14430.0,14430.0,14430.0,14430.0,14430.0,14430.0,14430.0,14430.0,14430.0,14430.0,14430.0,14430.0,14430.0,14430.0,14430.0,14430.0,14430.0,14430.0,14430.0,14430.0,14430.0,14430.0,14430.0,14430.0,14430.0,14430.0,14430.0,14430.0,14430.0,14430.0,14430.0,14430.0,14430.0,14430.0,14430.0,14430.0,14430.0,14430.0,14430.0,14430.0,14430.0,14430.0,14430.0,14430.0,14430.0,14430.0,14430.0,14430.0,14430.0,14430.0,14430.0,14430.0,14430.0,14430.0,14430.0,14430.0,14430.0,14430.0,14430.0,14430.0,14430.0,14430.0,14430.0,14430.0,14430.0,14430.0,14430.0,14430.0,14430.0,14430.0,14430.0,14430.0,14430.0,14430.0,14430.0,14430.0,14430.0,14430.0,14430.0,14430.0,14430.0,14430.0,14430.0,14430.0,14430.0,14430.0,14430.0,14430.0,14430.0,14430.0,14430.0,14430.0,14430.0,14430.0,14430.0,14430.0,14430.0,14430.0,14430.0,14430.0,14430.0,14430.0,14430.0,14430.0,14430.0,14430.0,14430.0,14430.0,14430.0,14430.0,14430.0,14430.0,14430.0,14430.0,14430.0,14430.0,14430.0,14430.0,14430.0,14430.0,14430.0,14430.0,14430.0,14430.0,14430.0,14430.0,14430.0,14430.0,14430.0,14430.0,14430.0,14430.0,14430.0,14430.0,14430.0,14430.0,14430.0,14430.0,14430.0,14430.0,14430.0,14430.0,14430.0,14430.0,14430.0,14430.0,14430.0,14430.0,14430.0,14430.0,14430.0,14430.0,14430.0,14430.0,14430.0,14430.0,14430.0,14430.0,14430.0,14430.0,14430.0,14430.0,14430.0,14430.0,14430.0,14430.0,14430.0,14430.0,14430.0,14430.0,14430.0,14430.0,14430.0,14430.0,14430.0,14430.0,14430.0,14430.0,14430.0,14430.0,14430.0,14430.0,14430.0,14430.0,14430.0,14430.0,14430.0,14430.0,14430.0,14430.0,14430.0,14430.0,14430.0,14430.0,14430.0,14430.0,14430.0,14430.0,14430.0,14430.0,14430.0,14430.0,14430.0,14430.0,14430.0,14430.0,14430.0,14430.0,14430.0,14430.0,14430.0,14430.0,14430.0,14430.0,14430.0,14430.0,14430.0,14430.0,14430.0,14430.0,14430.0,14430.0,14430.0,14430.0,14430.0,14430.0,14430.0,14430.0,14430.0,14430.0,14430.0,14430.0,14430.0,14430.0,14430.0,14430.0,14430.0,14430.0,14430.0,14430.0,14430.0,14430.0,14430.0,14430.0,14430.0,14430.0,14430.0,14430.0,14430.0,14430.0,14430.0,14430.0,14430.0,14430.0,14430.0,14430.0,14430.0,14430.0,14430.0,14430.0,14430.0,14430.0,14430.0,14430.0,14430.0,14430.0,14430.0,14430.0,14430.0,14430.0,14430.0,14430.0,14430.0,14430.0,14430.0,14430.0,14430.0,14430.0,14430.0,14430.0,14430.0,14430.0,14430.0,14430.0,14430.0,14430.0,14430.0,14430.0,14430.0,14430.0,14430.0,14430.0,14430.0,14430.0,14430.0,14430.0,14430.0,14430.0,14430.0,14430.0,14430.0,14430.0,14430.0,14430.0,14430.0,14430.0,14430.0,14430.0,14430.0,14430.0,14430.0,14430.0,14430.0,14430.0,14430.0,14430.0,14430.0,14430.0,14430.0,14430.0,14430.0,14430.0,14430.0,14430.0,14430.0,14430.0,14430.0,14430.0,14430.0,14430.0,14430.0,14430.0,14430.0,14430.0,14430.0,14430.0,14430.0,14430.0,14430.0,14430.0,14430.0,14430.0,14430.0,14430.0,14430.0,14430.0,14430.0,14430.0,14430.0,14430.0,14430.0,14430.0,14430.0,14430.0,14430.0,14430.0,14430.0,14430.0,14430.0,14430.0,14430.0,14430.0,14430.0,14430.0,14430.0,14430.0,14430.0,14430.0,14430.0,14430.0,14430.0,14430.0,14430.0,14430.0,14430.0,14430.0,14430.0,14430.0,14430.0,14430.0,14430.0,14430.0,14430.0,14430.0,14430.0,14430.0,14430.0,14430.0,14430.0,14430.0,14430.0,14430.0,14430.0,14430.0,14430.0,14430.0,14430.0,14430.0,14430.0,14430.0,14430.0,14430.0,14430.0,14430.0,14430.0,14430.0,14430.0,14430.0,14430.0,14430.0,14430.0,14430.0,14430.0,14430.0,14430.0,14430.0,14430.0,14430.0,14430.0,14430.0,14430.0,14430.0,14430.0,14430.0,14430.0,14430.0,14430.0,14430.0,14430.0,14430.0,14430.0,14430.0,14430.0,14430.0,14430.0,14430.0,14430.0,14430.0,14430.0,14430.0,14430.0,14430.0,14430.0,14430.0,14430.0,14430.0,14430.0,14430.0,14430.0,14430.0,14430.0,14430.0,14430.0,14430.0,14430.0,14430.0,14430.0,14430.0,14430.0,14430.0,14430.0,14430.0,14430.0,14430.0,14430.0,14430.0,14430.0,14430.0,14430.0,14430.0,14430.0,14430.0,14430.0,14430.0,14430.0,14430.0,14430.0,14430.0,14430.0,14430.0,14430.0,14430.0,14430.0,14430.0,14430.0,14430.0,14430.0,14430.0,14430.0,14430.0,14430.0,14430.0,14430.0,14430.0,14430.0,14430.0,14430.0,14430.0,14430.0,14430.0,14430.0,14430.0,14430.0,14430.0,14430.0,14430.0,14430.0,14430.0,14430.0,14430.0,14430.0,14430.0,14430.0,14430.0,14430.0,14430.0,14430.0,14430.0,14430.0,14430.0,14430.0,14430.0,14430.0,14430.0,14430.0,14430.0,14430.0,14430.0,14430.0,14430.0,14430.0,14430.0,14430.0,14430.0,14430.0,14430.0,14430.0,14430.0,14430.0,14430.0,14430.0,14430.0,14430.0,14430.0,14430.0,14430.0,14430.0,14430.0,14430.0,14430.0,14430.0,14430.0,14430.0,14430.0,14430.0,14430.0,14430.0,14430.0,14430.0,14430.0,14430.0,14430.0,14430.0,14430.0,14430.0,14430.0,14430.0,14430.0,14430.0,14430.0,14430.0,14430.0,14430.0,14430.0,14430.0,14430.0,14430.0,14430.0,14430.0,14430.0,14430.0,14430.0,14430.0,14430.0,14430.0,14430.0,14430.0,14430.0,14430.0,14430.0,14430.0,14430.0,14430.0,14430.0,14430.0,14430.0,14430.0,14430.0,14430.0,14430.0,14430.0,14430.0,14430.0,14430.0,14430.0,14430.0,14430.0,14430.0,14430.0,14430.0,14430.0,14430.0,14430.0,14430.0,14430.0,14430.0,14430.0,14430.0,14430.0,14430.0,14430.0,14430.0,14430.0,14430.0,14430.0,14430.0,14430.0,14430.0,14430.0,14430.0,14430.0,14430.0,14430.0,14430.0,14430.0,14430.0,14430.0,14430.0,14430.0,14430.0,14430.0,14430.0,14430.0,14430.0,14430.0,14430.0,14430.0,14430.0,14430.0,14430.0,14430.0,14430.0,14430.0,14430.0,14430.0,14430.0,14430.0,14430.0,14430.0,14430.0,14430.0,14430.0,14430.0,14430.0,14430.0,14430.0,14430.0,14430.0,14430.0,14430.0,14430.0,14430.0,14430.0,14430.0,14430.0,14430.0,14430.0,14430.0,14430.0,14430.0,14430.0,14430.0,14430.0,14430.0,14430.0,14430.0,14430.0,14430.0,14430.0,14430.0,14430.0,14430.0,14430.0,14430.0,14430.0,14430.0,14430.0,14430.0,14430.0,14430.0,14430.0,14430.0,14430.0,14430.0,14430.0,14430.0,14430.0,14430.0,14430.0,14430.0,14430.0,14430.0,14430.0,14430.0,14430.0,14430.0,14430.0,14430.0,14430.0,14430.0,14430.0,14430.0,14430.0,14430.0,14430.0,14430.0,14430.0,14430.0,14430.0,14430.0,14430.0,14430.0,14430.0,14430.0,14430.0,14430.0,14430.0,14430.0,14430.0,14430.0,14430.0,14430.0,14430.0,14430.0,14430.0,14430.0,14430.0,14430.0,14430.0,14430.0,14430.0,14430.0,14430.0,14430.0,14430.0,14430.0,14430.0,14430.0,14430.0,14430.0,14430.0,14430.0,14430.0,14430.0,14430.0,14430.0,14430.0,14430.0,14430.0,14430.0,14430.0,14430.0,14430.0,14430.0,14430.0,14430.0,14430.0,14430.0,14430.0,14430.0,14430.0,14430.0,14430.0,14430.0,14430.0,14430.0,14430.0,14430.0,14430.0,14430.0,14430.0,14430.0,14430.0,14430.0,14430.0,14430.0,14430.0,14430.0,14430.0,14430.0,14430.0,14430.0,14430.0,14430.0,14430.0,14430.0,14430.0,14430.0,14430.0,14430.0,14430.0,14430.0,14430.0,14430.0,14430.0,14430.0,14430.0,14430.0,14430.0,14430.0,14430.0,14430.0,14430.0,14430.0,14430.0,14430.0,14430.0,14430.0,14430.0,14430.0,14430.0,14430.0,14430.0,14430.0,14430.0,14430.0,14430.0,14430.0,14430.0,14430.0,14430.0,14430.0,14430.0,14430.0,14430.0,14430.0,14430.0,14430.0,14430.0,14430.0,14430.0,14430.0,14430.0,14430.0,14430.0,14430.0,14430.0,14430.0,14430.0,14430.0,14430.0,14430.0,14430.0,14430.0,14430.0,14430.0,14430.0,14430.0,14430.0,14430.0,14430.0,14430.0,14430.0,14430.0,14430.0,14430.0,14430.0,14430.0,14430.0,14430.0,14430.0,14430.0,14430.0,14430.0,14430.0,14430.0,14430.0,14430.0,14430.0,14430.0,14430.0,14430.0,14430.0,14430.0,14430.0,14430.0,14430.0,14430.0,14430.0,14430.0,14430.0,14430.0,14430.0,14430.0,14430.0,14430.0,14430.0,14430.0,14430.0,14430.0,14430.0,14430.0,14430.0,14430.0,14430.0,14430.0,14430.0,14430.0,14430.0,14430.0,14430.0,14430.0,14430.0,14430.0,14430.0,14430.0,14430.0,14430.0,14430.0,14430.0,14430.0,14430.0,14430.0,14430.0,14430.0,14430.0,14430.0,14430.0,14430.0,14430.0,14430.0,14430.0,14430.0,14430.0,14430.0,14430.0,14430.0,14430.0,14430.0,14430.0,14430.0,14430.0,14430.0,14430.0,14430.0,14430.0,14430.0,14430.0,14430.0,14430.0,14430.0,14430.0,14430.0,14430.0,14430.0,14430.0,14430.0,14430.0,14430.0,14430.0,14430.0,14430.0,14430.0,14430.0,14430.0,14430.0,14430.0,14430.0,14430.0,14430.0,14430.0,14430.0,14430.0,14430.0,14430.0,14430.0,14430.0,14430.0,14430.0,14430.0,14430.0,14430.0,14430.0,14430.0,14430.0,14430.0,14430.0,14430.0,14430.0,14430.0,14430.0,14430.0,14430.0,14430.0,14430.0,14430.0,14430.0,14430.0,14430.0,14430.0,14430.0,14430.0,14430.0,14430.0,14430.0,14430.0,14430.0,14430.0,14430.0,14430.0,14430.0,14430.0,14430.0,14430.0,14430.0,14430.0,14430.0,14430.0,14430.0,14430.0,14430.0,14430.0,14430.0,14430.0,14430.0,14430.0,14430.0,14430.0,14430.0,14430.0,14430.0,14430.0,14430.0,14430.0,14430.0,14430.0,14430.0,14430.0,14430.0,14430.0,14430.0,14430.0,14430.0,14430.0,14430.0,14430.0,14430.0,14430.0,14430.0,14430.0,14430.0,14430.0,14430.0,14430.0,14430.0,14430.0,14430.0,14430.0,14430.0,14430.0,14430.0,14430.0,14430.0,14430.0,14430.0,14430.0,14430.0,14430.0,14430.0,14430.0,14430.0,14430.0,14430.0,14430.0,14430.0,14430.0,14430.0,14430.0,14430.0,14430.0,14430.0,14430.0,14430.0,14430.0,14430.0,14430.0,14430.0,14430.0,14430.0,14430.0,14430.0,14430.0,14430.0,14430.0,14430.0,14430.0,14430.0,14430.0,14430.0,14430.0,14430.0,14430.0,14430.0,14430.0,14430.0,14430.0,14430.0,14430.0,14430.0,14430.0,14430.0,14430.0,14430.0,14430.0,14430.0,14430.0,14430.0,14430.0,14430.0,14430.0,14430.0,14430.0,14430.0,14430.0,14430.0,14430.0,14430.0,14430.0,14431.0,14434.0,14434.0,14435.0,14435.0,14435.0,14435.0,14436.0,14436.0,14436.0,14436.0,14436.0,14436.0,14436.0,14436.0,14436.0,14436.0,14436.0,14436.0,14436.0,14436.0,14436.0,14436.0,14436.0,14436.0,14436.0,14436.0,14436.0,14436.0,14436.0,14436.0,14436.0,14436.0,14436.0,14436.0,14436.0,14436.0,14436.0,14436.0,14436.0,14436.0,14436.0,14436.0,14436.0,14436.0,14436.0,14436.0,14436.0,14436.0,14436.0,14436.0,14436.0,14436.0,14436.0,14436.0,14436.0,14436.0,14436.0,14436.0,14436.0,14436.0,14436.0,14436.0,14436.0,14436.0,14436.0,14436.0,14436.0,14436.0,14436.0,14436.0,14436.0,14436.0,14436.0,14436.0,14436.0,14436.0,14436.0,14436.0,14436.0,14436.0,14436.0,14436.0,14436.0,14436.0,14436.0,14436.0,14436.0,14436.0,14436.0,14436.0,14436.0,14436.0,14436.0,14436.0,14436.0,14436.0,14436.0,14436.0,14436.0,14436.0,14436.0,14436.0,14436.0,14436.0,14436.0,14436.0,14436.0,14436.0,14436.0,14436.0,14436.0,14436.0,14436.0,14436.0,14436.0,14436.0,14436.0,14436.0,14436.0,14436.0,14436.0,14436.0,14436.0,14436.0,14436.0,14436.0,14436.0,14436.0,14436.0,14436.0,14436.0,14436.0,14436.0,14436.0,14436.0,14436.0,14436.0,14436.0,14436.0,14436.0,14436.0,14436.0,14436.0,14436.0,14436.0,14436.0,14436.0,14436.0,14436.0,14436.0,14436.0,14436.0,14436.0,14436.0,14436.0,14436.0,14436.0,14436.0,14436.0,14436.0,14436.0,14436.0,14436.0,14436.0,14436.0,14436.0,14436.0,14436.0,14436.0,14436.0,14436.0,14436.0,14436.0,14436.0,14436.0,14436.0,14436.0,14436.0,14436.0,14436.0,14436.0,14436.0,14436.0,14436.0,14436.0,14436.0,14436.0,14436.0,14436.0,14436.0,14436.0,14436.0,14436.0,14436.0,14436.0,14436.0,14436.0,14436.0,14436.0,14436.0,14436.0,14436.0,14436.0,14436.0,14436.0,14436.0,14436.0,14436.0,14436.0,14436.0,14436.0,14436.0,14436.0,14436.0,14436.0,14436.0,14436.0,14436.0,14436.0,14436.0,14436.0,14436.0,14436.0,14436.0,14436.0,14436.0,14436.0,14436.0,14436.0,14436.0,14436.0,14436.0,14436.0,14436.0,14436.0,14436.0,14436.0,14436.0,14436.0,14436.0,14436.0,14436.0,14436.0,14436.0,14436.0,14436.0,14436.0,14436.0,14436.0,14436.0,14436.0,14436.0,14436.0,14436.0,14436.0,14436.0,14436.0,14436.0,14436.0,14436.0,14436.0,14436.0,14436.0,14436.0,14436.0,14436.0,14436.0,14436.0,14436.0,14436.0,14436.0,14436.0,14436.0,14436.0,14436.0,14436.0,14436.0,14436.0,14436.0,14436.0,14436.0,14436.0,14436.0,14436.0,14436.0,14436.0,14436.0,14436.0,14436.0,14436.0,14436.0,14436.0,14436.0,14436.0,14436.0,14436.0,14436.0,14436.0,14436.0,14436.0,14436.0,14436.0,14436.0,14436.0,14436.0,14436.0,14436.0,14436.0,14436.0,14436.0,14436.0,14436.0,14436.0,14436.0,14436.0,14436.0,14436.0,14436.0,14436.0,14436.0,14436.0,14436.0,14436.0,14436.0,14436.0,14436.0,14436.0,14436.0,14436.0,14436.0,14436.0,14436.0,14436.0,14436.0,14436.0,14436.0,14436.0,14436.0,14436.0,14436.0,14436.0,14436.0,14436.0,14436.0,14436.0,14436.0,14436.0,14436.0,14436.0,14436.0,14436.0,14436.0,14436.0,14436.0,14436.0,14436.0,14436.0,14436.0,14436.0,14436.0,14436.0,14436.0,14436.0,14436.0,14436.0,14436.0,14436.0,14436.0,14436.0,14436.0,14436.0,14436.0,14436.0,14436.0,14436.0,14436.0,14436.0,14436.0,14436.0,14436.0,14436.0,14436.0,14436.0,14436.0,14436.0,14436.0,14436.0,14436.0,14436.0,14436.0,14436.0,14436.0,14436.0,14436.0,14436.0,14436.0,14436.0,14436.0,14436.0,14436.0,14436.0,14436.0,14436.0,14436.0,14436.0,14436.0,14436.0,14436.0,14436.0,14436.0,14436.0,14436.0,14436.0,14436.0,14436.0,14436.0,14436.0,14436.0,14436.0,14436.0,14436.0,14436.0,14436.0,14436.0,14436.0,14436.0,14436.0,14436.0,14436.0,14436.0,14436.0,14436.0,14436.0,14436.0,14436.0,14436.0,14436.0,14436.0,14436.0,14436.0,14436.0,14436.0,14436.0,14436.0,14436.0,14436.0,14436.0,14436.0,14436.0,14436.0,14436.0,14436.0,14436.0,14436.0,14436.0,14436.0,14436.0,14436.0,14436.0,14436.0,14436.0,14436.0,14436.0,14436.0,14436.0,14436.0,14436.0,14436.0,14436.0,14436.0,14436.0,14436.0,14436.0,14436.0,14436.0,14436.0,14436.0,14436.0,14436.0,14436.0,14436.0,14436.0,14436.0,14436.0,14436.0,14436.0,14436.0,14436.0,14436.0,14436.0,14436.0,14436.0,14436.0,14436.0,14436.0,14436.0,14436.0,14436.0,14436.0,14436.0,14436.0,14436.0,14436.0,14436.0,14436.0,14436.0,14436.0,14436.0,14436.0,14436.0,14436.0,14436.0,14436.0,14436.0,14436.0,14436.0,14436.0,14436.0,14436.0,14436.0,14436.0,14436.0,14436.0,14436.0,14436.0,14436.0,14436.0,14436.0,14436.0,14436.0,14436.0,14436.0,14436.0,14436.0,14436.0,14436.0,14436.0,14436.0,14436.0,14436.0,14436.0,14436.0,14436.0,14436.0,14436.0,14436.0,14436.0,14436.0,14436.0,14436.0,14436.0,14436.0,14436.0,14436.0,14436.0,14436.0,14436.0,14436.0,14436.0,14436.0,14436.0,14436.0,14436.0,14436.0,14436.0,14436.0,14436.0,14436.0,14436.0,14436.0,14436.0,14436.0,14436.0,14436.0,14436.0,14436.0,14436.0,14436.0,14436.0,14436.0,14436.0,14436.0,14436.0,14436.0,14436.0,14436.0,14436.0,14436.0,14436.0,14436.0,14436.0,14436.0,14436.0,14436.0,14436.0,14436.0,14436.0,14436.0,14436.0,14436.0,14436.0,14436.0,14436.0,14436.0,14436.0,14436.0,14436.0,14436.0,14436.0,14436.0,14436.0,14436.0,14436.0,14436.0,14436.0,14436.0,14436.0,14436.0,14436.0,14436.0,14436.0,14436.0,14436.0,14436.0,14436.0,14436.0,14436.0,14436.0,14436.0,14436.0,14436.0,14436.0,14436.0,14436.0,14436.0,14436.0,14436.0,14436.0,14436.0,14436.0,14436.0,14436.0,14436.0,14436.0,14436.0,14436.0,14436.0,14436.0,14436.0,14436.0,14436.0,14436.0,14436.0,14436.0,14436.0,14436.0,14436.0,14436.0,14436.0,14436.0,14436.0,14436.0,14436.0,14436.0,14436.0,14436.0,14436.0,14436.0,14436.0,14436.0,14436.0,14436.0,14436.0,14436.0,14436.0,14436.0,14436.0,14436.0,14436.0,14436.0,14436.0,14436.0,14436.0,14436.0,14436.0,14436.0,14436.0,14436.0,14436.0,14436.0,14436.0,14436.0,14436.0,14436.0,14436.0,14436.0,14436.0,14436.0,14436.0,14436.0,14436.0,14436.0,14436.0,14436.0,14436.0,14436.0,14436.0,14436.0,14436.0,14436.0,14436.0,14436.0,14436.0,14436.0,14436.0,14436.0,14436.0,14436.0,14436.0,14436.0,14436.0,14436.0,14436.0,14436.0,14436.0,14436.0,14436.0,14436.0,14436.0,14436.0,14436.0,14436.0,14436.0,14436.0,14436.0,14436.0,14436.0,14436.0,14436.0,14436.0,14436.0,14436.0,14436.0,14436.0,14436.0,14436.0,14436.0,14436.0,14436.0,14436.0,14436.0,14436.0,14436.0,14436.0,14436.0,14436.0,14436.0,14436.0,14436.0,14436.0,14436.0,14436.0,14436.0,14436.0,14436.0,14436.0,14436.0,14436.0,14436.0,14436.0,14436.0,14436.0,14436.0,14436.0,14436.0,14436.0,14436.0,14436.0,14436.0,14436.0,14436.0,14436.0,14436.0,14436.0,14436.0,14436.0,14436.0,14436.0,14436.0,14436.0,14436.0,14436.0,14436.0,14436.0,14436.0,14436.0,14436.0,14436.0,14436.0,14436.0,14436.0,14436.0,14436.0,14436.0,14436.0,14436.0,14436.0,14436.0,14436.0,14436.0,14436.0,14436.0,14436.0,14436.0,14436.0,14436.0,14436.0,14436.0,14436.0,14436.0,14436.0,14436.0,14436.0,14436.0,14436.0,14436.0,14436.0,14436.0,14436.0,14436.0,14436.0,14436.0,14436.0,14436.0,14436.0,14436.0,14436.0,14436.0,14436.0,14436.0,14436.0,14436.0,14436.0,14436.0,14436.0,14436.0,14436.0,14436.0,14436.0,14436.0,14436.0,14436.0,14436.0,14436.0,14436.0,14436.0,14436.0,14436.0,14436.0,14436.0,14436.0,14436.0,14436.0,14436.0,14436.0,14436.0,14436.0,14436.0,14436.0,14436.0,14436.0,14437.0,14437.0,14437.0,14437.0,14437.0,14437.0,14437.0,14437.0,14437.0,14437.0,14437.0,14437.0,14437.0,14437.0,14437.0,14437.0,14437.0,14437.0,14437.0,14437.0,14437.0,14437.0,14437.0,14437.0,14437.0,14437.0,14437.0,14437.0,14437.0,14437.0,14437.0,14437.0,14437.0,14437.0,14437.0,14437.0,14437.0,14437.0,14437.0,14437.0,14437.0,14437.0,14437.0,14437.0,14437.0,14437.0,14437.0,14437.0,14437.0,14437.0,14437.0,14437.0,14437.0,14437.0,14437.0,14437.0,14437.0,14437.0,14437.0,14437.0,14437.0,14437.0,14437.0,14437.0,14437.0,14437.0,14437.0,14437.0,14437.0,14437.0,14437.0,14437.0,14437.0,14437.0,14437.0,14437.0,14437.0,14437.0,14437.0,14437.0,14437.0,14437.0,14437.0,14437.0,14437.0,14437.0,14437.0,14437.0,14437.0,14437.0,14437.0,14437.0,14437.0,14437.0,14437.0,14437.0,14437.0,14437.0,14437.0,14437.0,14437.0,14437.0,14437.0,14437.0,14437.0,14437.0,14437.0,14437.0,14437.0,14437.0,14437.0,14437.0,14437.0,14437.0,14437.0,14437.0,14437.0,14437.0,14437.0,14437.0,14437.0,14437.0,14437.0,14437.0,14437.0,14437.0,14437.0,14437.0,14437.0,14437.0,14437.0,14437.0,14437.0,14437.0,14437.0,14437.0,14437.0,14437.0,14437.0,14437.0,14437.0,14437.0,14437.0,14437.0,14437.0,14437.0,14437.0,14437.0,14437.0,14437.0,14437.0,14437.0,14437.0,14437.0,14437.0,14437.0,14437.0,14437.0,14437.0,14437.0,14437.0,14438.0,14438.0,14438.0,14438.0,14438.0,14438.0,14438.0,14438.0,14438.0,14438.0,14438.0,14438.0,14438.0,14438.0,14438.0,14438.0,14438.0,14438.0,14438.0,14438.0,14438.0,14438.0,14438.0,14438.0,14438.0,14438.0,14438.0,14438.0,14438.0,14438.0,14438.0,14438.0,14438.0,14438.0,14438.0,14438.0,14438.0,14438.0,14438.0,14438.0,14438.0,14438.0,14438.0,14438.0,14438.0,14438.0,14438.0,14438.0,14438.0,14438.0,14438.0,14438.0,14438.0,14438.0,14438.0,14438.0,14438.0,14438.0,14438.0,14438.0,14438.0,14438.0,14438.0,14438.0,14438.0,14438.0,14438.0,14438.0,14438.0,14438.0,14438.0,14438.0,14438.0,14438.0,14438.0,14438.0,14438.0,14438.0,14438.0,14438.0,14438.0,14438.0,14438.0,14438.0,14438.0,14438.0,14438.0,14438.0,14438.0,14438.0,14438.0,14438.0,14438.0,14438.0,14438.0,14438.0,14438.0,14438.0,14439.0,14439.0,14439.0,14439.0,14439.0,14439.0,14439.0,14439.0,14439.0,14439.0,14439.0,14439.0,14439.0,14439.0,14439.0,14439.0,14439.0,14439.0,14439.0,14439.0,14439.0,14439.0,14439.0,14439.0,14439.0,14439.0,14439.0,14439.0,14439.0,14439.0,14439.0,14439.0,14439.0,14439.0,14439.0,14439.0,14439.0,14439.0,14439.0,14439.0,14439.0,14439.0,14439.0,14439.0,14439.0,14441.0,14441.0,14441.0,14441.0,14441.0,14441.0,14441.0,14441.0,14441.0,14441.0,14441.0,14441.0,14441.0,14441.0,14441.0,14441.0,14441.0,14441.0,14441.0,14441.0,14441.0,14441.0,14441.0,14441.0,14441.0,14441.0,14441.0,14441.0,14441.0,14441.0,14441.0,14441.0,14441.0,14441.0,14441.0,14441.0,14441.0,14441.0,14441.0,14441.0,14441.0,14441.0,14441.0,14441.0,14441.0,14441.0,14441.0,14441.0,14441.0,14441.0,14441.0,14441.0,14441.0,14441.0,14441.0,14441.0,14441.0,14441.0,14441.0,14441.0,14441.0,14441.0,14441.0,14441.0,14441.0,14441.0,14441.0,14441.0,14441.0,14441.0,14441.0,14441.0,14441.0,14441.0,14441.0,14441.0,14441.0,14441.0,14441.0,14441.0,14441.0,14441.0,14441.0,14441.0,14441.0,14441.0,14441.0,14441.0,14441.0,14441.0,14441.0,14441.0,14441.0,14441.0,14441.0,14441.0,14441.0,14441.0,14441.0,14441.0,14441.0,14441.0,14441.0,14441.0,14441.0,14441.0,14441.0,14441.0,14441.0,14441.0,14441.0,14441.0,14441.0,14441.0,14441.0,14441.0,14441.0,14441.0,14441.0,14441.0,14441.0,14441.0,14441.0,14441.0,14441.0,14441.0,14441.0,14441.0,14441.0,14441.0,14441.0,14441.0,14441.0,14441.0,14441.0,14441.0,14441.0,14441.0,14441.0,14441.0,14441.0,14441.0,14441.0,14441.0,14441.0,14441.0,14441.0,14441.0,14441.0,14441.0,14441.0,14441.0,14441.0,14441.0,14441.0,14441.0,14441.0,14441.0,14441.0,14441.0,14441.0,14441.0,14441.0,14441.0,14441.0,14441.0,14441.0,14441.0,14441.0,14441.0,14441.0,14441.0,14441.0,14441.0,14441.0,14441.0,14441.0,14441.0,14441.0,14441.0,14441.0,14441.0,14441.0,14441.0,14441.0,14441.0,14441.0,14441.0,14441.0,14441.0,14441.0,14441.0,14441.0,14441.0,14441.0,14441.0,14441.0,14441.0,14441.0,14441.0,14441.0,14441.0,14441.0,14441.0,14441.0,14441.0,14441.0,14441.0,14441.0,14441.0,14441.0,14441.0,14441.0,14441.0,14441.0,14441.0,14441.0,14441.0,14441.0,14441.0,14441.0,14441.0,14441.0,14441.0,14441.0,14441.0,14441.0,14441.0,14441.0,14441.0,14441.0,14441.0,14441.0,14441.0,14441.0,14441.0,14441.0,14441.0,14441.0,14441.0,14441.0,14441.0,14441.0,14441.0,14441.0,14441.0,14441.0,14441.0,14441.0,14441.0,14441.0,14441.0,14441.0,14441.0,14441.0,14441.0,14441.0,14441.0,14441.0,14441.0,14441.0,14441.0,14441.0,14441.0,14441.0,14441.0,14441.0,14441.0,14441.0,14441.0,14441.0,14441.0,14441.0,14441.0,14441.0,14441.0,14441.0,14441.0,14441.0,14441.0,14441.0,14441.0,14441.0,14441.0,14441.0,14441.0,14441.0,14441.0,14441.0,14441.0,14441.0,14441.0,14441.0,14441.0,14441.0,14441.0,14441.0,14441.0,14441.0,14441.0,14441.0,14441.0,14441.0,14441.0,14441.0,14441.0,14441.0,14441.0,14441.0,14441.0,14441.0,14441.0,14441.0,14441.0,14441.0,14441.0,14441.0,14441.0,14441.0,14441.0,14441.0,14441.0,14441.0,14441.0,14441.0,14441.0,14441.0,14441.0,14441.0,14441.0,14441.0,14441.0,14441.0,14441.0,14441.0,14441.0,14441.0,14441.0,14441.0,14441.0,14441.0,14441.0,14441.0,14441.0,14441.0,14441.0,14441.0,14441.0,14441.0,14441.0,14441.0,14441.0,14441.0,14441.0,14441.0,14441.0,14441.0,14441.0,14441.0,14441.0,14441.0,14441.0,14441.0,14441.0,14442.0,14442.0,14442.0,14442.0,14442.0,14442.0,14442.0,14442.0,14442.0,14442.0,14442.0,14442.0,14442.0,14442.0,14442.0,14442.0,14442.0,14442.0,14442.0,14442.0,14442.0,14442.0,14442.0,14442.0,14442.0,14442.0,14442.0,14442.0,14442.0,14442.0,14442.0,14442.0,14442.0,14442.0,14442.0,14442.0,14442.0,14442.0,14442.0,14442.0,14442.0,14442.0,14442.0,14442.0,14442.0,14442.0,14442.0,14442.0,14442.0,14442.0,14442.0,14442.0,14442.0,14442.0,14442.0,14442.0,14442.0,14442.0,14442.0,14442.0,14442.0,14442.0,14442.0,14442.0,14442.0,14442.0,14442.0,14442.0,14442.0,14442.0,14442.0,14442.0,14442.0,14442.0,14442.0,14442.0,14442.0,14442.0,14442.0,14442.0,14442.0,14442.0,14442.0,14442.0,14442.0,14442.0,14442.0,14442.0,14442.0,14442.0,14442.0,14442.0,14442.0,14442.0,14442.0,14442.0,14442.0,14442.0,14442.0,14442.0,14442.0,14442.0,14442.0,14442.0,14442.0,14442.0,14442.0,14442.0,14442.0,14442.0,14442.0,14442.0,14442.0,14442.0,14442.0,14442.0,14442.0,14442.0,14442.0,14442.0,14442.0,14442.0,14442.0,14442.0,14442.0,14442.0,14442.0,14442.0,14442.0,14442.0,14442.0,14442.0,14442.0,14442.0,14442.0,14442.0,14442.0,14442.0,14442.0,14442.0,14442.0,14442.0,14442.0,14442.0,14442.0,14442.0,14442.0,14442.0,14442.0,14442.0,14442.0,14442.0,14442.0,14442.0,14442.0,14442.0,14442.0,14442.0,14442.0,14442.0,14442.0,14442.0,14442.0,14442.0,14442.0,14442.0,14442.0,14442.0,14442.0,14442.0,14442.0,14442.0,14442.0,14442.0,14442.0,14442.0,14442.0,14442.0,14442.0,14442.0,14442.0,14442.0,14442.0,14442.0,14442.0,14442.0,14442.0,14442.0,14442.0,14442.0,14442.0,14442.0,14442.0,14442.0,14442.0,14442.0,14442.0,14442.0,14442.0,14442.0,14442.0,14442.0,14442.0,14442.0,14442.0,14442.0,14442.0,14442.0,14442.0,14442.0,14442.0,14442.0,14442.0,14442.0,14442.0,14442.0,14442.0,14442.0,14442.0,14442.0,14442.0,14442.0,14442.0,14442.0,14442.0,14442.0,14442.0,14442.0,14442.0,14442.0,14442.0,14442.0,14442.0,14442.0,14442.0,14442.0,14442.0,14442.0,14442.0,14442.0,14442.0,14442.0,14442.0,14442.0,14442.0,14442.0,14442.0,14442.0,14442.0,14442.0,14442.0,14442.0,14442.0,14442.0,14442.0,14442.0,14442.0,14442.0,14442.0,14442.0,14442.0,14442.0,14442.0,14442.0,14442.0,14442.0,14442.0,14442.0,14442.0,14442.0,14442.0,14442.0,14442.0,14442.0,14442.0,14442.0,14442.0,14442.0,14442.0,14442.0,14442.0,14442.0,14442.0,14442.0,14442.0,14442.0,14442.0,14442.0,14442.0,14442.0,14442.0,14442.0,14442.0,14442.0,14442.0,14442.0,14442.0,14442.0,14442.0,14442.0,14442.0,14442.0,14442.0,14442.0,14442.0,14442.0,14442.0,14442.0,14442.0,14442.0,14442.0,14442.0,14442.0,14442.0,14442.0,14442.0,14442.0,14442.0,14442.0,14442.0,14442.0,14442.0,14442.0,14442.0,14442.0,14442.0,14442.0,14442.0,14442.0,14442.0,14442.0,14442.0,14442.0,14442.0,14442.0,14442.0,14442.0,14442.0,14442.0,14442.0,14442.0,14442.0,14442.0,14442.0,14442.0,14442.0,14442.0,14442.0,14442.0,14442.0,14442.0,14442.0,14442.0,14442.0,14442.0,14442.0,14442.0,14442.0,14442.0,14442.0,14442.0,14442.0,14442.0,14442.0,14442.0,14442.0,14442.0,14442.0,14442.0,14442.0,14442.0,14442.0,14442.0,14442.0,14442.0,14442.0,14442.0,14442.0,14442.0,14442.0,14442.0,14442.0,14442.0,14442.0,14442.0,14442.0,14442.0,14442.0,14442.0,14442.0,14442.0,14442.0,14442.0,14442.0,14442.0,14442.0,14442.0,14442.0,14442.0,14442.0,14442.0,14442.0,14442.0,14442.0,14442.0,14442.0,14442.0,14442.0,14442.0,14442.0,14442.0,14442.0,14442.0,14442.0,14442.0,14442.0,14442.0,14442.0,14442.0,14442.0,14442.0,14442.0,14442.0,14442.0,14442.0,14442.0,14442.0,14442.0,14442.0,14442.0,14442.0,14442.0,14442.0,14442.0,14442.0,14442.0,14442.0,14442.0,14442.0,14442.0,14442.0,14442.0,14442.0,14442.0,14442.0,14442.0,14442.0,14442.0,14442.0,14442.0,14442.0,14442.0,14442.0,14442.0,14442.0,14442.0,14442.0,14442.0,14442.0,14442.0,14442.0,14442.0,14442.0,14442.0,14442.0,14442.0,14442.0,14442.0,14442.0,14442.0,14442.0,14442.0,14442.0,14442.0,14442.0,14442.0,14442.0,14442.0,14442.0,14442.0,14442.0,14442.0,14442.0,14442.0,14442.0,14442.0,14442.0,14442.0,14442.0,14442.0,14442.0,14442.0,14442.0,14442.0,14442.0,14442.0,14442.0,14442.0,14442.0,14442.0,14442.0,14442.0,14442.0,14442.0,14442.0,14442.0,14442.0,14442.0,14442.0,14442.0,14442.0,14442.0,14442.0,14442.0,14442.0,14442.0,14442.0,14442.0,14442.0,14442.0,14442.0,14442.0,14442.0,14442.0,14442.0,14442.0,14442.0,14442.0,14442.0,14442.0,14442.0,14442.0,14442.0,14442.0,14442.0,14442.0,14442.0,14442.0,14442.0,14442.0,14442.0,14442.0,14442.0,14442.0,14442.0,14442.0,14442.0,14442.0,14442.0,14442.0,14442.0,14442.0,14442.0,14442.0,14442.0,14442.0,14442.0,14442.0,14442.0,14442.0,14442.0,14442.0,14442.0,14442.0,14442.0,14442.0,14442.0,14442.0,14442.0,14442.0,14442.0,14442.0,14442.0,14442.0,14442.0,14442.0,14442.0,14442.0,14442.0,14442.0,14442.0,14442.0,14442.0,14442.0,14442.0,14442.0,14442.0,14442.0,14442.0,14442.0,14442.0,14442.0,14442.0,14442.0,14442.0,14442.0,14442.0,14442.0,14442.0,14442.0,14442.0,14442.0,14442.0,14442.0,14442.0,14442.0,14442.0,14442.0,14442.0,14442.0,14442.0,14442.0,14442.0,14442.0,14442.0,14442.0,14442.0,14442.0,14442.0,14442.0,14442.0,14442.0,14442.0,14442.0,14442.0,14442.0,14442.0,14442.0,14442.0,14442.0,14442.0,14442.0,14442.0,14442.0,14442.0,14442.0,14442.0,14442.0,14442.0,14442.0,14442.0,14442.0,14442.0,14442.0,14442.0,14442.0,14442.0,14442.0,14442.0,14442.0,14442.0,14442.0,14442.0,14442.0,14442.0,14442.0,14442.0,14442.0,14442.0,14442.0,14442.0,14442.0,14442.0,14442.0,14442.0,14442.0,14442.0,14442.0,14442.0,14442.0,14442.0,14442.0,14442.0,14442.0,14442.0,14442.0,14442.0,14442.0,14442.0,14442.0,14442.0,14442.0,14442.0,14442.0,14442.0,14442.0,14442.0,14442.0,14442.0,14442.0,14442.0,14442.0,14442.0,14442.0,14442.0,14442.0,14442.0,14442.0,14442.0,14442.0,14442.0,14442.0,14442.0,14442.0,14442.0,14442.0,14442.0,14442.0,14442.0,14442.0,14442.0,14442.0,14442.0,14442.0,14442.0,14442.0,14442.0,14442.0,14442.0,14442.0,14442.0,14442.0,14442.0,14442.0,14442.0,14442.0,14442.0,14442.0,14442.0,14442.0,14442.0,14442.0,14442.0,14442.0,14442.0,14442.0,14442.0,14442.0,14442.0,14442.0,14442.0,14442.0,14442.0,14442.0,14442.0,14442.0,14442.0,14442.0,14442.0,14442.0,14442.0,14442.0,14442.0,14442.0,14442.0,14442.0,14442.0,14442.0,14442.0,14442.0,14442.0,14442.0,14442.0,14442.0,14442.0,14442.0,14442.0,14442.0,14442.0,14442.0,14442.0,14442.0,14442.0,14442.0,14442.0,14442.0,14442.0,14442.0,14442.0,14442.0,14442.0,14442.0,14442.0,14442.0,14442.0,14442.0,14442.0,14442.0,14442.0,14442.0,14442.0,14442.0,14442.0,14442.0,14442.0,14442.0,14442.0,14442.0,14442.0,14442.0,14442.0,14442.0,14442.0,14442.0,14442.0,14442.0,14442.0,14442.0,14442.0,14442.0,14442.0,14442.0,14442.0,14442.0,14442.0,14442.0,14442.0,14442.0,14442.0,14442.0,14442.0,14442.0,14442.0,14442.0,14442.0,14442.0,14442.0,14442.0,14442.0,14442.0,14442.0,14442.0,14442.0,14442.0,14442.0,14442.0,14442.0,14442.0,14442.0,14442.0,14442.0,14442.0,14442.0,14442.0,14442.0,14442.0,14442.0,14442.0,14442.0,14442.0,14442.0,14442.0,14442.0,14442.0,14442.0,14442.0,14442.0,14442.0,14442.0,14442.0,14442.0,14442.0,14442.0,14442.0,14442.0,14442.0,14442.0,14442.0,14442.0,14442.0,14442.0,14442.0,14442.0,14442.0,14442.0,14442.0,14442.0,14442.0,14442.0,14442.0,14442.0,14442.0,14442.0,14442.0,14442.0,14442.0,14442.0,14442.0,14442.0,14442.0,14442.0,14442.0,14442.0,14442.0,14442.0,14442.0,14442.0,14442.0,14442.0,14442.0,14442.0,14442.0,14442.0,14442.0,14442.0,14442.0,14442.0,14442.0,14442.0,14442.0,14442.0,14442.0,14442.0,14442.0,14442.0,14442.0,14442.0,14442.0,14442.0,14442.0,14442.0,14442.0,14442.0,14442.0,14442.0,14442.0,14442.0,14442.0,14442.0,14442.0,14442.0,14442.0,14442.0,14442.0,14442.0,14442.0,14442.0,14442.0,14442.0,14442.0,14442.0,14442.0,14442.0,14442.0,14442.0,14442.0,14442.0,14442.0,14442.0,14442.0,14442.0,14442.0,14442.0,14442.0,14442.0,14442.0,14442.0,14442.0,14442.0,14442.0,14442.0,14442.0,14442.0,14442.0,14442.0,14442.0,14442.0,14442.0,14442.0,14442.0,14442.0,14442.0,14442.0,14442.0,14442.0,14442.0,14442.0,14442.0,14442.0,14442.0,14442.0,14442.0,14442.0,14442.0,14442.0,14442.0,14442.0,14442.0,14442.0,14442.0,14442.0,14442.0,14442.0,14442.0,14442.0,14442.0,14442.0,14442.0,14442.0,14442.0,14442.0,14442.0,14442.0,14442.0,14442.0,14442.0,14442.0,14442.0,14442.0,14442.0,14442.0,14442.0,14442.0,14442.0,14442.0,14442.0,14442.0,14442.0,14442.0,14442.0,14442.0,14442.0,14442.0,14442.0,14442.0,14442.0,14442.0,14442.0,14442.0,14442.0,14442.0,14442.0,14442.0,14442.0,14442.0,14442.0,14442.0,14442.0,14442.0,14442.0,14442.0,14442.0,14442.0,14442.0,14442.0,14442.0,14442.0,14444.0,14444.0,14444.0,14444.0,14444.0,14444.0,14444.0,14444.0,14444.0,14444.0,14444.0,14445.0,14445.0,14445.0,14445.0,14445.0,14445.0,14445.0,14445.0,14445.0,14445.0,14445.0,14445.0,14445.0,14445.0,14445.0,14445.0,14445.0,14445.0,14445.0,14445.0,14445.0,14445.0,14445.0,14445.0,14445.0,14445.0,14445.0,14445.0,14445.0,14445.0,14445.0,14445.0,14445.0,14445.0,14445.0,14445.0,14445.0,14445.0,14445.0,14445.0,14445.0,14447.0,14447.0,14447.0,14447.0,14447.0,14447.0,14447.0,14447.0,14447.0,14447.0,14447.0,14447.0,14447.0,14447.0,14447.0,14447.0,14447.0,14447.0,14447.0,14447.0,14447.0,14447.0,14447.0,14447.0,14447.0,14447.0,14447.0,14447.0,14447.0,14447.0,14447.0,14447.0,14447.0,14447.0,14447.0,14447.0,14447.0,14447.0,14447.0,14447.0,14447.0,14447.0,14447.0,14447.0,14447.0,14447.0,14447.0,14447.0,14447.0,14447.0,14447.0,14447.0,14447.0,14447.0,14447.0,14447.0,14447.0,14447.0,14447.0,14447.0,14447.0,14447.0,14447.0,14447.0,14447.0,14447.0,14447.0,14447.0,14447.0,14447.0,14447.0,14447.0,14447.0,14447.0,14447.0,14447.0,14447.0,14447.0,14447.0,14447.0,14447.0,14447.0,14447.0,14447.0,14447.0,14447.0,14447.0,14447.0,14447.0,14447.0,14447.0,14447.0,14447.0,14447.0,14447.0,14447.0,14447.0,14447.0,14447.0,14447.0,14447.0,14447.0,14447.0,14447.0,14447.0,14447.0,14447.0,14447.0,14447.0,14447.0,14447.0,14447.0,14447.0,14447.0,14447.0,14447.0,14447.0,14447.0,14447.0,14447.0,14447.0,14447.0,14447.0,14447.0,14447.0,14447.0,14447.0,14447.0,14447.0,14447.0,14447.0,14447.0,14447.0,14447.0,14447.0,14447.0,14447.0,14447.0,14447.0,14447.0,14447.0,14447.0,14447.0,14447.0,14447.0,14447.0,14447.0,14447.0,14447.0,14447.0,14447.0,14447.0,14447.0,14447.0,14447.0,14447.0,14447.0,14447.0,14447.0,14447.0,14447.0,14447.0,14447.0,14447.0,14447.0,14447.0,14447.0,14447.0,14447.0,14447.0,14447.0,14447.0,14447.0,14447.0,14447.0,14447.0,14447.0,14447.0,14447.0,14447.0,14447.0,14447.0,14447.0,14447.0,14447.0,14447.0,14447.0,14447.0,14447.0,14447.0,14447.0,14447.0,14447.0,14447.0,14447.0,14447.0,14447.0,14447.0,14447.0,14447.0,14447.0,14447.0,14447.0,14447.0,14447.0,14447.0,14447.0,14447.0,14447.0,14447.0,14447.0,14447.0,14447.0,14448.0,14448.0,14448.0,14448.0,14448.0,14448.0,14448.0,14448.0,14448.0,14448.0,14448.0,14448.0,14449.0,14449.0,14449.0,14449.0,14449.0,14449.0,14449.0,14449.0,14449.0,14449.0,14449.0,14449.0,14449.0,14449.0,14449.0,14449.0,14449.0,14449.0,14449.0,14449.0,14449.0,14449.0,14449.0,14449.0,14449.0,14449.0,14449.0,14449.0,14449.0,14449.0,14449.0,14449.0,14449.0,14449.0,14449.0,14449.0,14449.0,14449.0,14449.0,14449.0,14449.0,14449.0,14449.0,14449.0,14449.0,14449.0,14449.0,14449.0,14449.0,14449.0,14449.0,14449.0,14449.0,14449.0,14449.0,14449.0,14449.0,14449.0,14449.0,14449.0,14449.0,14449.0,14449.0,14449.0,14449.0,14449.0,14449.0,14449.0,14449.0,14449.0,14449.0,14449.0,14449.0,14449.0,14449.0,14449.0,14449.0,14449.0,14449.0,14449.0,14449.0,14449.0,14449.0,14449.0,14449.0,14449.0,14449.0,14449.0,14449.0,14449.0,14449.0,14449.0,14449.0,14449.0,14449.0,14449.0,14449.0,14449.0,14449.0,14449.0,14449.0,14449.0,14449.0,14449.0,14449.0,14449.0,14449.0,14449.0,14449.0,14449.0,14449.0,14449.0,14449.0,14449.0,14449.0,14449.0,14449.0,14449.0,14449.0,14449.0,14449.0,14449.0,14449.0,14449.0,14449.0,14449.0,14449.0,14449.0,14449.0,14449.0,14449.0,14449.0,14449.0,14449.0,14449.0,14449.0,14449.0,14449.0,14449.0,14449.0,14449.0,14449.0,14449.0,14449.0,14449.0,14449.0,14449.0,14449.0,14449.0,14449.0,14449.0,14449.0,14449.0,14449.0,14449.0,14449.0,14449.0,14449.0,14449.0,14449.0,14449.0,14449.0,14449.0,14449.0,14449.0,14449.0,14449.0,14449.0,14449.0,14449.0,14449.0,14449.0,14449.0,14449.0,14449.0,14449.0,14449.0,14449.0,14449.0,14449.0,14449.0,14449.0,14449.0,14449.0,14449.0,14449.0,14449.0,14449.0,14449.0,14449.0,14449.0,14449.0,14449.0,14449.0,14449.0,14449.0,14449.0,14449.0,14449.0,14449.0,14449.0,14449.0,14449.0,14449.0,14449.0,14449.0,14449.0,14449.0,14449.0,14449.0,14449.0,14449.0,14449.0,14449.0,14449.0,14449.0,14449.0,14449.0,14449.0,14449.0,14449.0,14449.0,14449.0,14449.0,14449.0,14449.0,14449.0,14449.0,14449.0,14449.0,14449.0,14449.0,14449.0,14449.0,14449.0,14449.0,14449.0,14449.0,14449.0,14449.0,14449.0,14449.0,14449.0,14449.0,14449.0,14449.0,14449.0,14449.0,14449.0,14449.0,14449.0,14449.0,14449.0,14449.0,14449.0,14449.0,14449.0,14449.0,14449.0,14449.0,14449.0,14449.0,14449.0,14449.0,14449.0,14449.0,14449.0,14449.0,14449.0,14449.0,14449.0,14449.0,14449.0,14449.0,14449.0,14449.0,14449.0,14449.0,14449.0,14449.0,14449.0,14449.0,14449.0,14449.0,14449.0,14449.0,14449.0,14449.0,14449.0,14449.0,14449.0,14449.0,14449.0,14449.0,14449.0,14449.0,14449.0,14449.0,14449.0,14449.0,14449.0,14449.0,14449.0,14449.0,14449.0,14449.0,14449.0,14449.0,14449.0,14449.0,14449.0,14449.0,14449.0,14449.0,14449.0,14449.0,14449.0,14449.0,14449.0,14449.0,14449.0,14449.0,14449.0,14449.0,14449.0,14449.0,14449.0,14449.0,14449.0,14449.0,14449.0,14449.0,14449.0,14449.0,14449.0,14449.0,14449.0,14449.0,14449.0,14449.0,14449.0,14449.0,14449.0,14449.0,14449.0,14449.0,14449.0,14449.0,14449.0,14449.0,14449.0,14449.0,14449.0,14449.0,14449.0,14449.0,14449.0,14449.0,14449.0,14449.0,14449.0,14449.0,14449.0,14449.0,14449.0,14449.0,14449.0,14449.0,14449.0,14449.0,14449.0,14449.0,14449.0,14449.0,14449.0,14449.0,14449.0,14449.0,14449.0,14449.0,14449.0,14449.0,14449.0,14449.0,14449.0,14449.0,14449.0,14449.0,14449.0,14449.0,14449.0,14449.0,14449.0,14449.0,14449.0,14449.0,14449.0,14449.0,14449.0,14449.0,14449.0,14449.0,14449.0,14449.0,14449.0,14449.0,14449.0,14449.0,14449.0,14449.0,14449.0,14449.0,14449.0,14449.0,14449.0,14449.0,14449.0,14449.0,14449.0,14449.0,14449.0,14449.0,14449.0,14449.0,14449.0,14449.0,14449.0,14449.0,14449.0,14449.0,14449.0,14449.0,14449.0,14449.0,14449.0,14449.0,14449.0,14449.0,14449.0,14449.0,14449.0,14449.0,14449.0,14449.0,14449.0,14449.0,14449.0,14449.0,14449.0,14449.0,14449.0,14449.0,14449.0,14449.0,14449.0,14449.0,14449.0,14449.0,14449.0,14449.0,14449.0,14449.0,14449.0,14449.0,14449.0
,,,,,,,,,,,,,,,,,,,,,,,,,,17651.0,,,,,,,,,,,,,,,,,,,,,,,,,,,,,,,,,,,,,,,,,,,,,,,,,,,,,,,,,,,,,,,,,,,14846.0,,,,,,,,,,,,,,,15357.0,,,,,,,,,,,17732.0,,,,,,,,,,,17651.0,,,,,,,,,,,,,,,,,,17651.0,,,15658.0,,,,,,,,,,,,,,,,,,,,,,,,,16372.0,,,,,,,,,,,,,,,,,,,,,,,,,,,,,,,,,,,,,16372.0,,,,,,,,,,,,,,,,,,,,,,,,,,,,,,,,,,,,,,,,,,,,,,,,,,,,,,,,,16372.0,,,,16893.0,,,,,,,16372.0,,,,,,,,,,,,,,,,,,,,,15123.0,,,,,,,,17651.0,,,,,,,,,,,,,,,,,,,14846.0,,,,,,16379.0,,,,,,,15123.0,,,,,,,,,,,,,,,,,,,17651.0,,14995.0,,,,,,,,15123.0,16893.0,,,,,,,,,,,,,,,,,,,,,,,,,,,,,,,,,,,,,,,,,,,,,,,,,,,,,15123.0,,,,,,,,,,,,,,,,,,,,,,,,,,,15123.0,,,,,,,,,,,,,,,,,,,17231.0,,,,,,,,,,16372.0,,,,,,,,,,,,,,,,,,,,,,,,15123.0,15123.0,,,,,,,17651.0,,,,,,,,,,,,,,,15738.0,,16815.0,,,,,,,,,,,,,,16106.0,16707.0,15123.0,,,,,,,,,,,,,,,17888.0,,,,,,,,,,,,,,,,,,,,,,,,,,,,,,,17651.0,,,,,,,,,,,,,,16372.0,,,,,,,,16871.0,,,,,,,,,,,,,,,,,,,16815.0,,,,,,,,,,,,,,,,,,,,,,,,,,,,,,,,,,16379.0,,,,,,,,,,,,,,,,,,,,,,,,,,,,,16372.0,,,,,,,,,,,,,,,,,,,,,15357.0,,,,,,,,,,,,,,,,,,,16815.0,,,,,,,,,,,,,,,,,,,,,,,,,,,,,,,,,,,,,,,,,,,14542.0,,,,,,,,,,,,,,,,,,,,,,,,,15123.0,,,,,17651.0,,,,,,,,,,,,,,,,,,,,,,,,,,,,,,,,,16372.0,,,,,,,,,,,,,,,,,,,,,,,,,,,,,,,,,,,,15658.0,,,,,,,,,,,,,,,,,,,,,,17651.0,,,,15123.0,,,,,,,,,,,,,,,,,,,,,,,,,,14995.0,,,,,,,,,,,,,,,,,,,,,,16372.0,,15271.0,,15658.0,,,,,,,,,,,,,,,,,,,,,,,,,16372.0,,,,,,,,,,,,,,,,,,,,,,,,,,,15691.0,,,,,,,,,,,,,,,,,,,,,,,,,,,,,,,,,,,16815.0,,,,,,,,,,,,,,,,,,,,,,,,,,,,,,,,14995.0,,,,,,,,,,,,,,,,,16372.0,,,,,,,,,,,,,,,,15658.0,,,,,,,,,,,,,,,,,,,,,,,,,,,,,,,,,,,,,,,,,,,,,,,,,,,,,,,,,,,,,,,,,,,,,,,,,,,,,,,,,,,,,,,,16815.0,,,,,15123.0,,,,,17651.0,,,,,,,,,,,,,,,,,,,,,,,,,,,,,,,,15123.0,,,,,,,,,,,,,,,,,,,,,,,,,,,,,,,,,,,,,,,,,,,,,,,,,,15691.0,,,,,,,,,,,,,,,,,,,,,,,,,,,,,,,,,,,,,,,,,,,,,,,,,,,,,,,14846.0,,,,,,,,,,,,14540.0,,,,,,,,,,,,,15658.0,,,,,,,,,,,,,,,,,,,,,,,,,,,,,,,,16372.0,,,,,,,,,,,,,,,,,,17651.0,17651.0,,,,,,,,,,,,,,,,,,,,,,,,,,,,,,,,,,,,,,,,,,,,,,,,,,,16372.0,,,,15123.0,,,,,,,,,,,,,,,,,,,,,,,,16372.0,,,,,,,17651.0,,,,,,15123.0,,15198.0,,,,,,,17651.0,,,,,,,,,,,,,,,14953.0,,,,,,,,,,,,,,,,,,,,,,15357.0,,,,,,,,,,,,15123.0,,,,,,,,,,,,,,,,,,,,,14995.0,,,,,,,,,,,,,,,,,,,,,,,,,,,,15658.0,,,,,,,16372.0,,,,,,,,,,,,,,,,,,,,,,,,,,,,,,,,,,,,,,,,,,,,,,,,14459.0,,,,,15169.0,,15169.0,,,,,,,15169.0,,,,,,,,,,,,,,,,,,,17981.0,,,,17874.0,,,,15169.0,,,,,,,,,15169.0,,,15169.0,,,,,,,,,,,,,,,,15169.0,,,14589.0,,,15169.0,,,15169.0,14609.0,,,,15169.0,15169.0,15749.0,15169.0,,,,,15169.0,,,,,,,,,,15169.0,,,,,,15169.0,15169.0,,,,,,,,,,15169.0,15169.0,14925.0,,,,,,15169.0,,,,,,,,,,,,,,,15169.0,,,15169.0,,,,15169.0,,,,,17751.0,,16681.0,,15169.0,,,,,,,,15169.0,,,,,15169.0,,,,,,,,,,,15169.0,,,,,,,,,15169.0,,,,15169.0,,,,,15749.0,,,,,15169.0,,,,,,,,,,,,,,,,,,,,,,15169.0,,,15169.0,,,,,,,,,,,,,,,,15169.0,,,,,,,15169.0,,,17751.0,,,,,,,,,,,,,15405.0,,,,,,,,,,,,,,,,,,,,17261.0,,,,,,,,,,,,,15169.0,,,,,,,,,,,,,,,,,,,,,,,,,,,15169.0,,,,,,15169.0,,,,,,,,,,,,15169.0,,,,,,,,,,,,,,15535.0,,,,,16645.0,,,,,,,,,,,,,17417.0,,,,,,,,,,,,,,,,,,,,,,,,15169.0,,,15169.0,,,,,,,,,,,15169.0,,,,,,,,,,,,,,,,,,,,,,,,,,,,,15169.0,,,,,15169.0,,,,,,15169.0,,,,,,,,,,,,15169.0,,,,,,,,,14542.0,,15169.0,,,14589.0,,,,16313.0,,,16701.0,,,,,15749.0,,,,,,,15169.0,,,,,,,,,,,15169.0,,,,,,15169.0,,,,,,,,,,,,,,,,,,,,,,,,,,,,,,15169.0,,,,,,,,,,,,,,15169.0,,,,15169.0,,,,,,,,,,,,,,,,,,,,,,,,15169.0,,,,,,,,,,,,,,,,,14609.0,,,,,,,,15169.0,,,,,,,,,,15169.0,,15169.0,,,,,17417.0,,15169.0,,,,,,,,,,,,,,,,,,,,,,,,,,,,,,,,,,15169.0,,,,,,,,,,,,,,,,,,,,,,,15169.0,,,,,,,15169.0,,,,,,,,,,,,,,,,,,,17417.0,,,,,,,,,,,,,,,,,17638.0,,15872.0,,,,,,,,,,,,15749.0,,,,,16224.0,,,,,,,,,,,15169.0,,15169.0,,,,,,,,,,,,,,,17951.0,,,,,,,14609.0,,,,,,15169.0,,,,15169.0,,,,,,,,,,,,,,,,,,,,,,17693.0,,,,,,,,,,,14609.0,,,,,,,,,,,,,17387.0,,,,,,,,,,,14609.0,,,,,,,,,,,,,,,,16902.0,17938.0,17938.0,,15676.0,17938.0,15511.0,17938.0,17938.0,17938.0,17938.0,17938.0,17938.0,17938.0,17938.0,17938.0,17938.0,17938.0,17938.0,17938.0,17938.0,17938.0,17938.0,17938.0,17938.0,17938.0,17938.0,17938.0,17938.0,17938.0,17938.0,17938.0,17938.0,17938.0,17938.0,17938.0,17938.0,17938.0,17938.0,17938.0,17938.0,17938.0,17938.0,17938.0,17938.0,17938.0,17938.0,17938.0,17938.0,17938.0,17938.0,17938.0,17938.0,17938.0,17938.0,17938.0,17938.0,17938.0,17938.0,17938.0,17938.0,17938.0,17938.0,17938.0,17938.0,16883.0,16588.0,17938.0,17938.0,17938.0,17938.0,17938.0,17938.0,17938.0,14506.0,17938.0,17938.0,17938.0,17938.0,17938.0,17938.0,17938.0,17938.0,16177.0,15775.0,17938.0,17938.0,17938.0,17938.0,,17938.0,17938.0,17938.0,17938.0,17938.0,17938.0,17938.0,17938.0,17938.0,17938.0,17938.0,17938.0,17938.0,17938.0,17938.0,17938.0,17938.0,17938.0,17938.0,17938.0,17938.0,17938.0,14653.0,17938.0,17938.0,17938.0,17938.0,17938.0,17938.0,17938.0,17938.0,17938.0,17938.0,17938.0,17938.0,17938.0,17938.0,17938.0,17938.0,17938.0,17938.0,17938.0,17938.0,17938.0,17938.0,17938.0,17938.0,17938.0,17938.0,17938.0,17938.0,17938.0,17938.0,,17938.0,17938.0,17938.0,17938.0,17938.0,17938.0,15128.0,17938.0,17938.0,17938.0,17938.0,17938.0,17938.0,17938.0,17938.0,17938.0,,,,,,,,,,,,,,,,,,,,,,,17370.0,,,,,,,,,,,,,,,,,,18235.0,,,,,,,,,,,,,15744.0,,,,,,,16687.0,,,,,,,,,,,,,,,,,,,,,,,,,,,,,,16026.0,,,,,,,,,18396.0,,,,,,,,,,,,,,,,,,,,,,,,,,,,,,,,,,,,,,,,,,,,,15943.0,,,,,,,,,,,,,,,,,,,17542.0,,,,,,,,,,,14846.0,,,,,,,,,,,,,,,,,,,,,,,,,,,,,,,,,,,,,,,,,,,,,,16698.0,,,,,,,,,,,,,,,,,,,,,,,,,,,,,,,,15135.0,,,,,,,,,,,,15000.0,,,,,,,15440.0,,,,,,,,,,,,,,,,,,,,16461.0,,,,,,17196.0,17415.0,,,,,,,16988.0,,,,,,,,,15206.0,,,,,,,,,,,,,,15158.0,,,17870.0,,,,,,,,,,,,14904.0,,,,,,,,,,,,,,,,,,,,,,,,,16654.0,,,,,,,15000.0,,,,,,,,,,,,,,,,,,,,,,,,,,,18097.0,,,,16002.0,,,15128.0,,,,,,,,,,,,,,,,,,,,,,,,,,,,,,,,,,,,,,,,,,,,16864.0,,,,17004.0,,,,,,,,,,,,,,,,,18379.0,,,,,,,,,,,,,,,,,18235.0,,,,15634.0,,,,,,,,,,,16859.0,,17258.0,,16459.0,,,,,,,,,,,,,,,,,,,,,,,,,,,,,,,,,16426.0,,,,,,,,,,,,,,,,,,,,,,,,,,,,,,,,,,,,,,,,,,,,,,,,,,,,,,,,,,,,,,,,,,,,,,,,,,,,,,,,,,,,,,,,,,,,,16824.0,,,,,,,,,,,,,,,,,,,,,,,,,,,,,,,,,,,,,,,,,,,,,,,,,,,,,,,15540.0,,,,,,,,,,,,,,,,,,,,,,,,,,,,,,,,,,,15540.0,,,,,,,,,,,,,,,,,,,,,,,,,,,,,,,,,,,,,,,17104.0,,,,,,,,16419.0,,,,,,,,,,,,,,,,,,,,,,,,,,,,,,,,,,,,15540.0,,,,,,,,,,,,,,,,,,,,,,,,,,,,,,,,,,,,,,,,,,,,,,,,,,,,,,,,,,,,,,,,,,,,,,,15540.0,,,,,,,,,,,,,,,,,,,18113.0,,,,,,,,,,,,,,,,,,,,,,,,,,,,,,,,,,,,,,,,,,,,,,,,,,,,,,,,,,,,,,,,,,,,,,,,,,,,,,,,,15128.0,,,18219.0,,,,,,,,15540.0,,,,,,,,,,,,15189.0,,,,,,,,,,,,,,,,,,,,,,,,,,,,,,,,,,,,,,,,,,,,,,,,,,,,,,,,,,,,,,,,,17018.0,,,,,,,,,,,,,,,,,,,,,,,,,,,,16815.0,,,,,,,,,,,,,,,,,,,,,,,,,,,,,,,,,,,,,,,,,,,,,,,,,,,,,,,,,,,,16505.0,,,,,,,,,,,,,,,,,,,,,,,,,,,,,,,,,,,,,,,,,,,,,,,,,,,,,,,,,,,,,,,,,,,,,,,,,,17018.0,,,,,17147.0,,,,,,,,,,,,,,,,,,,,,,,,,,,,,,,,,,,,,,,,,,,,,,,,,,,,,,,,,,,,,,,,,,,,,,,,,,,,,,,,,,,,,15540.0,,,,,,,,,,,,,,,,,,,,,,,,,,,,,,,,,,,,,,,,,,,,,,,,,,,,,,,,,,,,,,,,,,,,,,,,,,,,,,,,,,,,,,,,,,,,,,,,,,,,,,,,,,,,,,,,,,,,,,,,,,,,,,,,,,,,,,,,,,,,,,,,,,,,,,,,,,,,,,,,,,,,,,,,,,,,,,,,,,,,,,,,,,15084.0,,,,,,,,,,,,,,,,,,,,,,,,,,,,,,,,,,,,,,,,,,,,,,,,,,,,,,,,,16698.0,16196.0,,,,,,,,,,,,,,,,,,,,,,,,,,,,,,,,,,,,,,,,,,,,,,,,,,,,,,,,,,16141.0,,,,18078.0,,,,18078.0,16141.0,,,,,,,,,,,,,,,,,,,,,,,,,,17751.0,,,,,,,,,,,,,,,,,,,,,,,,,,,,,,,,,,,,,,,,,,,,,16141.0,,,15972.0,,,,16141.0,,,,,,,,,,,,,,,,,,,,,,,,,,,,,,15001.0,,16141.0,,,,17828.0,,,,,,,,,,,16141.0,,,14629.0,17984.0,16141.0,,,,,15738.0,,,,,,,,,,,,,,,,,16899.0,,,,,,,,15619.0,,,,,,,,,,15354.0,,,,,,,,,18078.0,,,,,,,,14800.0,,,,,,,,,,,,,,,,,15734.0,,,,,,,,,,,,,,,,,,,,,,,,,,,,,,,,,,,,,,,,16002.0,,,,,,,,,,,,,,,,,,,,,,17014.0,,,,,,,,,,,,,,,,18250.0,,,,,,,,,17014.0,,15654.0,,,,,,,,,,,,15337.0,,,,,,,,,,,,,,,,,,,,,,,,,,,,,,,,17350.0,,,,,,,,,,,,,,,18220.0,,,,,,,,,,,,,,,,,,,,,,,,,,,,,,,,,,,,,,,,,,,,,,,,,,,,,,,,,,,,,,,,,,,,15734.0,,,,,,,,,,,,,,,,,,,,,,,,,,,,,,,,,,,,,,,,,,,,,,,,,,,,,,,,,,16464.0,,,,,,,,,,,,,,,,,,,,,,,,,,,,,,,,,,,,,,,,,,,,,,,,,,,,,,,,,,,,,,,,16199.0,,,,,,,,,,,,,,,,,,,,,,,,,,,,,,,,,,,,,,,,,,,,,,,,,,,,,,,,,,,,,,,,,,,,,,,,,,,,,,,,,,,,,,,,,,,,,,,,,,,,,,,,,,,,,,,,,,,,,,,,,,
,,,,,,,,,,,,,,,,,,,,,,,,,,,,,,,,,,,,,,,,,,,,,,,,,,,,,,,,,,,,,,,,,,,,,,,,,,,,,,,,,,,,,,,,,,,,,,,,,,,,,,,,,,,,,,,,,,,,,,,,,,,,,,,,,,,,,,,,,,,,,,,,,,,,,,,,,,,,,,,,,,,,,,,,,,,,,,,,,,,,,,,,,,,,,,,,,,,,,,,,,,,,,,,,,,,,,,,,,,,,,,,,,,,,,,,,,,,,,,,,,,,,,,,,,,,,,,,,,,,,,,,,,,,,,,,,,,,,,,,,,,,,,,,,,,,,,,,,,,,,,,,,,,,,,,,,,,,,,,,,,,,,,,,,,,,,,,,,,,,,,,,,,,,,,,,,,,,,,,,,,,,,,,,,,,,,,,,,,,,,,,,,,,,,,,,,,,,,,,,,,,,,,,,,,,,,,,,,,,,,,,,,,,,,,,,,,,,,,,,,,,,,,,,,,,,,,,,,,,,,,,,,,,,,,,,,,,,,,,,,,,,,,,,,,,,,,,,,,,,,,,,,,,,,,,,,,,,,,,,,,,,,,,,,,,,,,,,,,,,,,,,,17114.0,,16382.0,,,,,,,,,,,,,,,,,,,,,,,,,,,,,,,,,,,,,,,,,,,,,,,,,,,,,,,,,,,,,,,,,,,,17421.0,,,,,,,,,,,,,,,,,,,17651.0,,,,,,,,,,,,,,,,,,,,,,,,,,,,,,,,,,,,,,,,,,,,,,,,,,,,,,,,,,,,,,,,,,,,,,,,,,,,,,,,,,,,,,,,,,,,,,,,,,,,,,,,,,,,,,,,,,,,,,,,,,,,,,,,,,,,,,,,,,,,,,,,,,,,,,,,,,,,,,,,,,,,,,,,,,,,,,,,,,,,,,,,,,,,,,,,,,,,,,,,,,,,,,,,,,,,,,,,,,,,,,,,,,,,,,,,,,,,,,,,,,,,,,,,,,,,,,,,,,,,,,,,,,,,,,,,,,,,,,,,,,,,,,,,,,,,,,,,,16372.0,,,,,,,,,,,,,,,,,,,,,,,,,,,,,,,,,,,,,,,,,,,,,,,,,,,,,,,,,,,,,,,,,,,,,,,,,,,,,,16106.0,,,,,,,,,,,,,,,,,,,,,,,,,,,,,,,,,,,,,,,,,,,,,,,,,,,,,,,,,,,,,,,,,,,16815.0,,,,,,,,,,,,,,,,,,,,,,,,,,,,,,,,,,,,,,,,,,,,,,,,,,,,,,,,,,,,,,,,,,,,,,,,,,,,,,,,,,,,,,,,,,,,,,,,,,,,,,,,,,,,,,,,,,,,,,,,,,,,,,,,,,,,,,,,,,,,,,,,,,,,,,,,,,,,,,,,,,,,,,,,,,,,,,,,,,,,,,,,,,,,,,,,,,,,,,,,,,,,,,,,,,,,,,,,,,,,,,,,,,,,,,,,,,,,,,,,,,,,,,,,,,,,,,,,,,,,,,,,,,,,,,,,,,,,,,,,,,,,,,,,,,,,,,,,,,,,,,,,,,,,,,,,,,,,,,,,,,,,,,,,,,,,,,,,,,,,,,,,,,,,,,,,,,,,,,,,,,,,,,,,,,,,,,,,,,,,,,,,,,,,,,,,,,,,,,,,,,,,,,,,,,,,,,,,,,,,,,,,,,,,,,,,,,,,,,,,,,,,,,,,,,,,,,,,,,,,15607.0,,,,,,,,,,,,,,,,,,,,,,,,,,,,,,,,,,,,,,,,,,,,,,,,,,,,,,,,,,,,,,,,,,,,,,,,,,,,,,,,,,,,,,,,,,,,,,,,,,,,,,,,,,,,,,,,,,,,,,,,,,,,,,,,,,,,,,,,,,17712.0,,,,,,,,,,,,,,,,,,,,,,,,,,,,,,,,,,,,,,,,,,,,,,,,,,,,,,,,,,,,,,,,,,,,,,,,,,,,,,,14777.0,,,,,,,,,,,,,,,,,,,,,,,,,,,,,,,,,,,,,,,,,,,,,,,,,,,,,,,,,,,,,,,,,,,,,,,,,,,,16848.0,,,,,,,,,,,,,,,,,,,,,,,,,,,,,,,,,,,,,,,,,,,,,,,,,,,,,,,,,,,,,,,,,,,,,,,,,,,,,,,,,,,,,,,,,,,,,,,,,,,,,,,,,,,,,,,,,,,,,,,,,,,,,,,,,,,,,,,,,,,,,,,,,,,,,,,,,,,,,,,,,,,,,,,,,,,,,,,,,,,,,,,,,,,,,,,,,,,,,,,,,,,,,,,,,,,,,,,,,,,,,,,,,,,,,,,,,,,,,,,,,,,,,,,,,,,,,,,,,,,,,,,,,,,,,,,,,,,,,,,,,,,,,,,,,,,,,,,,,,,,,,,,,,,,,,,,,,,,,,,,,,,,16681.0,,,16087.0,,,,17072.0,,,,,,,,,,,,,,,,,,,,,,,,,,,,,,,,,,,,,,,,,,,,,,,,,,,,,,,,,,,,,,,,,,,,,,,,,,,,,,,,,,,,,,,,,,,,,,,,,,,,,,,,,,,,,,,,,,,,,,,,,14777.0,,,,,,,,,,,,,,,,,,,,,,,,,,,15749.0,,,,,,,,,,,,,,,,,,,,,,,,,,,,,,,,,,,,,,,,,,,,,,,,,,,,,,,,,,,,,,,,,,,,,,,,,,,,,,,,,,,,,,,,,,,,,,,,,,,,,,16597.0,,,,,,,,,,,,,,,,,,,,,,,,,,,,,,,,,,,,,,,,,,,,,,,,,,,,14777.0,,,,,,,,,,,,,,,,,,,,,,,,,,,,,,,,,,,,,,,,,,,14777.0,,,,,,,,,,,,,17848.0,,,,,,,,,,,14777.0,,,,,,,,,,,,,,,,17938.0,,,,17903.0,,17938.0,,,,,,,,,,,,,,,,,,,,,,,,,,,,,,,,,,,,,,,,,,,,,,,,,,,,,,,,,,,17938.0,17938.0,,,,,,,,17938.0,,,,,,,,,17938.0,17938.0,,,,,,,,,,,,,,,,,,,,,,,,,,,,16533.0,,,,,,,,,,,,,,,,,,,,,,,,,,,,,,,,,,,,,,17938.0,,,,,,,,,,,,,,,,,,,,,,,,,,,,,,,,,,,,,,,,,,,,,,,,,,,,,,,,,,,,,,,17186.0,,,,,,,,,,,,,,,,,,,,,,,,,,,,,,,,,,,,,,,,,,,,,,,,,,,,,,,,,,,,,,,,,,,,,,,,,,,,,,,,,,,,,,,,,,,,,,,,,,,,,,,,,,,,,,,,,,,,,,,,,,,,,,,,,,,,,,,,,,,,,,,,,,,,,,,,,,,,,,,,,,,,,,,17671.0,,,,,,,,,,,,,,,,,,,,,,,,,,,,,,,,,,,,,,,,,,,,15754.0,,,,,,,,,,,,,,,,,,,,,,,,,,,,,,,,,,,,,,,,,17678.0,,,,,,,,,,,,,,,,,,,,,,,18097.0,,,17999.0,,,,,,,,,,,,17442.0,,,,,,,,,,,,,,,,,,,,,,,,,,,,,,,,15754.0,,,,,,,,,,,,,,,,,,,,,,,,,,,,,,,,,,,,,,,,,,,,,,,,,,,,,,,,,,,,,,,,,,,,,,,,,,,,,,,,,,,,,,,,,,,,,,,,,,,,,,,,,,,,,,,,,,,,,,,,,,,,,,,,,,,,,,,,,,,,,,,,,,,,,,,,,,,,,,,,,,,,,,,,,,,,,,,,,,,,,,,,,,,,,,,,,,,,,,,,,,,,,,,,,,,,,,,,,,,,,,,,,,,,,,,,,,,,,,,,,,,,,,,,,,,,,,,,,,,,,,,,,,,,,,,,,,,,,,,,,,,,,,,,,,,,,,,,,,,,,,,,,,,,,,,,,,,,,,,,,,,,,,,,,,,,,,,,,,,,,,,,,,,,,,,16591.0,,,,,,,,,,,,,,,,,,,,,,,,,,,,,,,,,,,,,,,,,,,,,,,,,,,,,,,,,,,,,,,,,,,,,,,,,,,,,,,,,,,,,,,,,,,,,,,,,,,,,,,,,,,,,,,,,,,,,,,,,,,,,,,,,,,,,,,,,,,,,,,,,,,,,,,,,,,,,,,,,,,,,,,,,,,,,,,,,,,,,,,,,,,,,,,,,,,,,,,,,,,,,,,,,,,,,,,,,,,,,,,,,,,,,,,,,,,,,,,,,,,,,,,,,,,,,,,,,,,,,,,,,,,,,,,,,,,,,15309.0,,,,,,,,,,,,,,,,,,,,,,,,,,,,,,,,,,,,,,,,,,,,,,,,,,,,,,,,,,,,,,,,,,,,,,,,,,,,,,,,,,,,,,,,,,,,,,,,,,,,,,,,,,,,,,,,,,,,,,,,,,,,,,,,,,,,,,,,,,,,,,,,,,,,,,,,,17579.0,,,,,,,,,,,,,,,,,,,,,,,,,,,,,,,,,,,,,,,,,,,,,,,,,,,,,,,,,,,,,,,,,,,,,,,,,,,,,,,,,,,,,,,,,,,,,,,,,,,,,,,,,,,,,,,,,,,,,,,,,,,,,,,,,,,,,,,,,,,,,,,,,,,,,,,,,,,,,,,,,,,,,,,,,,,,,,,,,,,,,,,,,,,,,,,,,,,,,,,,,,,,,,,,,,,,,,,,,,,,,,,,,,,,,,,,,,,,,,,,,,,,,,,,,,,,,,,,,,,,,,,,,,,,,,,,,,,,,,,,,,,,,,,,,,,,,,,,,,,,,,,,,,,,,,,,,,,,,,,,,,,,,,,,,,,,,,,,,,,,,,,,,,,,,,15184.0,,,,,,,,,,,,,,,,,,,,,,,,,,,,,,,,,,,,,,,,,,,,,,,,,,,,,,,,,,,,,,,,,,,,,,,,,,,,,,,,,,,,,,,,,,,,,,,,,,,,,,,,,,,,,,,,,,,,,,,,,,,,,,,,,,,,,,,,,,,,,,,,,,,,,,,,,,,,,,,,,,,,,,,,,,,,,,,,,,,,,,,,,,,,,,,,,,,,,,,17909.0,,,,,,,,,,,,,,,,,,,,,,,,,,,,,,,,,,,,,,,,,,,,,,,,,,,,,,,18004.0,,,,,,,,,,,,,,,,,,,,,,,,,,,,,,,15776.0,,,,,,,,,,,,,,,,,,,,,,,,,,,,,,,,,,,,,,,,,,,,,,,,,,,,,,,,,,,,,,,,,,,,,,,,,,,,,,,,,,,,,,,,,,,,,,,,,,,,,,,,,,,,,,,,,,,,,,,,,,,,,,,,,,,,,17014.0,,,,,,,,,,,,15787.0,,,,,,,,,,,,,,,,,,,,,,,,,,,,,,,,,,,,,,,,,,,,,,,,,,,,,,,,,,,,,,,,,,,,,,,,,,,,,,,,,,,,,,,,,,,,,,,,,,,,,,,,,,,,,,,,,,,,,,,,,,,,,,,,,,,,,,,,,,,,,,,,,,,,,,,,,,,,,,,,,,,,,,,,,,,,,,,,,,,,,,,,,,,,,,,,,,,,,,,,,,,,,,,,,,,,,,,,,,,,,,,,,,,,,,,,,,,,,,,,,,,,,,,,,,,,,,,,,,,,,,,,,,,,,,,,,,,,,,,,,,,,,,,,,,,,,,,,,,,,,,,,,,,,,,,,,,,,,,,,,,,,,,,,,,,,,,,,,,,,,,,,,,,,,,,,,,,,,,,
,,,,,,,,,,,,,,,,,,,,,,,,,,,,,,,,,,,,,,,,,,,,,,,,,,,,,,,,,,,,,,,,,,,,,,,,,,,,,,,,,,,,,,,,,,,,,,,,,,,,,,,,,,,,,,,,,,,,,,,,,,,,,,,,,,,,,,,,,,,,,,,,,,,,,,,,,,,,,,,,,,,,,,,,,,,,,,,,,,,,,,,,,,,,,,,,,,,,,,,,,,,,,,,,,,,,,,,,,,,,,,,,,,,,,,,,,,,,,,,,,,,,,,,,,,,,,,,,,,,,,,,,,,,,,,,,,,,,,,,,,,,,,,,,,,,,,,,,,,,,,,,,,,,,,,,,,,,,,,,,,,,,,,,,,,,,,,,,,,,,,,,,,,,,,,,,,,,,,,,,,,,,,,,,,,,,,,,,,,,,,,,,,,,,,,,,,,,,,,,,,,,,,,,,,,,,,,,,,,,,,,,,,,,,,,,,,,,,,,,,,,,,,,,,,,,,,,,,,,,,,,,,,,,,,,,,,,,,,,,,,,,,,,,,,,,,,,,,,,,,,,,,,,,,,,,,,,,,,,,,,,,,,,,,,,,,,,,,,,,,,,,,,,,,,,,,,,,,,,,,,,,,,,,,,,,,,,,,,,,,,,,,,,,,,,,,,,,,,,,,,,,,,,,,,,,,,,,,,,,,,,,,,,,,,,,,,,,,,,,,,,,,,,,,,,,,,,,,,,,,,,,,,,,,,,,,,,,,,,,,,,,,,,,,,,,,,,,,,,,,,,,,,,,,,,,,,,,,,,,,,,,,,,,,,,,,,,,,,,,,,,,,,,,,,,,,,,,,,,,,,,,,,,,,,,,,,,,,,,,,,,,,,,,,,,,,,,,,,,,,,,,,,,,,,,,,,,,,,,,,,,,,,,,,,,,,,,,,,,,,,,,,,,,,,,,,,,,,,,,,,,,,,,,,,,,,,,,,,,,,,,,,,,,,,,,,,,,,,,,,,,,,,,,,,,,,,,,,,,,,,,,,,,,,,,,,,,,,,,,,,,,,,,,,,,,,,,,,,,,,,,,,,,,,,,,,,,,,,,,,,,,,,,,,,,,,,,,,,,,,,,,,,,,,17114.0,,,,,,,,,,,,,,,,,,,,,,,,,,,,,,,,,,,,,,,,,,,,,,,,,,,,,,,,,,,,,,,,,,,,,,,,,,,,,,,,,,,,,,,,,,,,,,,,,,,,,,,,,,,,,,,,,,,,,,,,,,,,,,,,,,,,,,,,,,,,,,,,,,,,,,,,,,,,,,,,,,,,,,,,,,,,,,,,,,,,,,,,,,,,,,,,,,,,,,,,,,,,,,,,,,,,,,,,,,,,,,,,,,,,,,,,,,,,,,,,,,,,,,,,,,,,,,,,,,,,,,,,,,,,,,,,,,,,,,,,,,,,,,,,,,,,,,,,,,,,,,,,,,,,,,,,,,,,,,,,,,,,,,,,,,,,,,,,,,,,,,,,,,,,,,,,,,,,,,,,,,,,,,,,,,,,,,,,,,,,,,,,,,,,,,,,,,,,,,,,,,,,,,,,,,,,,,,,,,,,,,,,,,,,,,,,,,,,,,,,,,,,,,,,,,,,,,,,,,,,,,,,,,,,,,,,,,,,,,,,,,,,,,,,,,,,,,,,,,,,,,,,,,,,,,,,,,,,,,,,,,,,,,,,,,,,,,,,,,,,,,,,,,,,,,,,,,,,,,,,,,,,,,,,,,,,,,,,,,,,,,,,,,,,,,,,,,,,,,,,,,,,,,,,,,,,,,,,,,,,,,,,,,,,,,,,,,,,,,,,,,,,,,,,,,,,,,,,,,,,,,,,,,,,,,,,,,,,,,,,,,,,,,,,,,,,,,,,,,,,,,,,,,,,,,,,,,,,,,,,,,,,,,,,,,,,,,,,,,,,,,,,15169.0,,,,,,,,,,,,,,,,,,,,,,,,,,,,,,,,,,,,,,,,,,,,,,,,,,,,,,,,,,,,,,,,,,,,,,,,,,,,,,,,,,,,,,,,,,,,,,,,,,,,,,,,,,,,,,,,,,,,,,,,,,,,,,,,,,,,,,,,,,,,,,,,,,,,,,,,,,,,,,,,,,,,,,,,,,,,,,,,,,,,,,,,,,,,,,,,,,,,,,,,,,,,,,,,,,,,,,,,,,,,,,,,,,,,,,,,,,,,,,,,,,,,,,,,,,,,,,,,,,,,,,,,,,,,,,,,,,,,,,,,,,,,,,,,,,,,,,,,,,,,,,,,,,,,,,,,,,,,,,,,,,,,,,,,,,,,,,,,,,,,,,,,,,,,,,,,,,,,,,,,,,,,,,,,,,,,,,,,,,,,,,,,,,,,,,,,,,,,,,,,,,,,,,,17417.0,,,,,,,,,,,,,,,,,,,,,,,,,,,,,,,,,,,,,,,,,,,,,,,,,,,,,,,,,,,,,,,,,,,,,,,,,,,,,,,,,,,,,,,,,,,,,,,,,,,,,,,,,,,,,,,,,,,,,,,,,,,,,,,,,,,,,,,,,,,,,,,,,,,,,,,,,,,,,,,,,,,,,,,,,,,,,,,,,,,,,,,,,,,,,,,,,,,,,,,,,,,,,,,,,,,,,,,,,,,,,,,,,,,,,,,,,,,,,,,,,,,,,,,,,,17044.0,,,,,,,,,,,,,,,,,,,,,,,,,,,,,,,,,,,,,,,,,,,,,,,,,,,,,,,,,,,,,,,,,,,,,,,,,,,,,,,,,,,,,,,,,,,,,,,,,,,,,,,,,,,,,,,,,,,,,,,,,,,,,,,,,,,,,,,,,,,17938.0,,,,,,,,,,,,,,,,,,,,,,,,,,,,,,,,,,,,,,,,,,,,,,,,,,,,,,,,,,,,,,,,,,,,,,,,,,,,,,,,,,,,,,,,,,,,,,,,,,,,,,,,,,,,17938.0,,,,,,,,,,,,,,,,,,,,,,,,,,,,,,,,,,,,,,,,,,,,,,,,,,,,,,,,,,,,,,,,,,,,,,,,,,,,,,,,,,,,,,,,,,,,,,,,,,,,,,,,,,,,,,,,,,,,,,,,,,,,,,,,,,,,,,,,,,,,,,,,,,,,,,,,,,,,,,,,,,,,,,,,,,,,,,,,,,,,,,,,,,,,,,,,,,,,,,,,,,,,,,,,,,,,,,,,,,,,,,,,,,,,,,,,,,,,,,,,,,,,,,,,,,,,,,,,,,,,,,,,,,,,,,,,,,,,,,,,,,,,,,,,,,,,,,,,,,,,,,,,,,,,,,,,,,,,,,,,,,,,,,,,,,,,,,,,,,,,,,,,,,,,,,,,,,,,,,,,,,,,,,,,,,,,,,,,,,,,,,,,,,,,,,,,,,,,,,,,,,,,,,,,,,,,,,,,,,,,,,,,,,,,,,,,,,,,,,,,,,,,,,,,,,,,,,,,,,,,,,,,,,,,,,,,,,,,,,,,,,,,,,,,,,,,,,,,,,,,,,,,,,,,,,,,,,,,,,,,,,,,,,,,,,,,,,,,,,,,,,,,,,,,,,,,,,,,,,,,,,,,,,,,,,,,,,,,,,,,,,,,,,,,,,,,,,,,,,,,,,,,,,,,,,,,,,,,,,,,,,,,,,,,,,,,,,,,,,,,,,,,,,,,,,,,,,,,,,,,,,,,,,,,,,,,,,,,,,,,,,,,,,,,,,,,,,,,,,,,,,,,,,,,,,,,,,,,,,,,,,,,,,,,,,,,,,,,,,,,,,,,,,,,,,,,,,,,,,,,,,,,,,,,,,,,,,,,,,,,,,,,,,,,,,,,,,,,,,,,,,,,,,,,,,,,,,,,,,,,,,,,,,,,,,,,,,,,,,,,,,,,,,,,,,,,,,,,,,,,,,,,,,,,,,,,,,,,,,,,,,,,,,,,,,,,,,,,,,,,,,,,,,,,,,,,,,,,,,,,,,,,,,,,,,,,,,,,,,,,,,,,,,,,,,,,,,,,,,,,,,,,,,,,,,,,,,,,,,,,,,,,,,,,,,,,,,,,,,,,,,,,,,,,,,,,,,,,,,,,,,,,,,,,,,,,,,,,,,,,,,,,,,,,,,,,,,,,,,,,,,,,,,,,,,,,,,,,,,,,,,,,,,,,,,,,,,,,,,,,,,,,,,,,,,,,,,,,,,,,,,,,,,,,,,,,,,,,,,,,,,,,,,,,,,,,,,,,,,,,,,,,,,,,,,,,,,,,,,,,,,,,,,,,,,,,,,,,,,,,,,,,,,,,,,,,,,,,,,,,,,,,,,,,,,,,,,,,,,,,,,,,,,,,,,,,,,,,,,,,,,,,,,,,,,,,,,,,,,,,,,,,,,,,,,,,,,,,,,,,,,,,,,,,,,,,,,,,,,,,,,,,,,,,,,,,,,,,,,,,,,,,,,,,,,,,,,,,,,,,,,,,,,,,,,,,,,,,,,,,,,,,,,,,,,,,,,,,,,,,,,,,,,,,,,,,,,,,,,,,,,,,,,,,,,,,,,,,,,,,,,,,,,,,,,,,,,,,,,,,,,,,,,,,,,,,,,,,,,,,,,,,,,,,,,,,,,,,,,,,,,,,,,,,,,,,,,,,,,,,,,,,,,,,,,,,,,,,,,,,,,,,,,,,,,,,,,,,,,,,,,,,,,,,,,,,,,,,,,,,,,,,,,,,,,,,,,,,,,,,,,,,,,,,,,,,,,,,,,,,,,,,,,,,,,,,,,,,,,,,,,,,,,,,,,,,,,,,,,,,,,,,,,,,,,,,,,,,,,,,,,,,,,,,,,,,,,,,,,,,,,,,,,,,,,,,,,,,,,,,,,,,,,,,,,,,,,,,,,,,,,,,,,,,,,,,,,,,,,,,,,,,,,,,,,,,,,,,,,,,,,,,,,,,,,,,,,,,,,,,,,,,,,,,,,,,,,,,,,,,,,,,,,,,,,,,,,,,,,,15868.0,,,,,,,,,,,,,,,,,,,,,,,,,,,,,,,,,,,,,,,,,,,,,,,,,,,,,,,,,,,,,,,,,,,,,,,,,,,,,,,,,,,,,,,,,,,,,,,,,,,,,,,,,,,,,,,,,,,,,,,,,,,,,,,,,,,,,,,,,,,,,,,,,,,,,,,,,,,,,,,,,,,,,,,,,,,,,,,,,,,,,,,,,,,,,,,,,,,,,,,,,,,,,,,,,,,,,,,,,,,,,,,,,,,,,,,,,,,,,,,,,,,,,,,,,,,,,,,,,,,,,,,,,,,,,,,,,,,,,,,,,,,,,,,,,,,,,,,,,,,,,,,,,,,,,,,,,,,,,,,,,,,,,,,,,,,,,,,,,,,,,,,,,,,,,,,,,,,,,,,,,,,,,,,,,,,,,,,,,,,,,,,,,,,,,,,,,,,,,,,,,,,,,,,,,,,,,,,,,,,,,,,,,,,,,,,,,,,,,,,,,,,,,,,,,,,,,,,,,,,,,,,,,,,,,,,,,,,,,,,,,,,,,,,,,,,,,,,,,,,,,,,,
,,,,,,,,,,,,,,,,,,,,,,,,,,,,,,,,,,,,,,,,,,,,,,,,,,,,,,,,,,,,,,,,,,,,,,,,,,,,,,,,,,,,,,,,,,,,,,,,,,,,,,,,,,,,,,,,,,,,,,,,,,,,,,,,,,,,,,,,,,,,,,,,,,,,,,,,,,,,,,,,,,,,,,,,,,,,,,,,,,,,,,,,,,,,,,,,,,,,,,,,,,,,,,,,,,,,,,,,,,,,,,,,,,,,,,,,,,,,,,,,,,,,,,,,,,,,,,,,,,,,,,,,,,,,,,,,,,,,,,,,,,,,,,,,,,,,,,,,,,,,,,,,,,,,,,,,,,,,,,,,,,,,,,,,,,,,,,,,,,,,,,,,,,,,,,,,,,,,,,,,,,,,,,,,,,,,,,,,,,,,,,,,,,,,,,,,,,,,,,,,,,,,,,,,,,,,,,,,,,,,,,,,,,,,,,,,,,,,,,,,,,,,,,,,,,,,,,,,,,,,,,,,,,,,,,,,,,,,,,,,,,,,,,,,,,,,,,,,,,,,,,,,,,,,,,,,,,,,,,,,,,,,,,,,,,,,,,,,,,,,,,,,,,,,,,,,,,,,,,,,,,,,,,,,,,,,,,,,,,,,,,,,,,,,,,,,,,,,,,,,,,,,,,,,,,,,,,,,,,,,,,,,,,,,,,,,,,,,,,,,,,,,,,,,,,,,,,,,,,,,,,,,,,,,,,,,,,,,,,,,,,,,,,,,,,,,,,,,,,,,,,,,,,,,,,,,,,,,,,,,,,,,,,,,,,,,,,,,,,,,,,,,,,,,,,,,,,,,,,,,,,,,,,,,,,,,,,,,,,,,,,,,,,,,,,,,,,,,,,,,,,,,,,,,,,,,,,,,,,,,,,,,,,,,,,,,,,,,,,,,,,,,,,,,,,,,,,,,,,,,,,,,,,,,,,,,,,,,,,,,,,,,,,,,,,,,,,,,,,,,,,,,,,,,,,,,,,,,,,,,,,,,,,,,,,,,,,,,,,,,,,,,,,,,,,,,,,,,,,,,,,,,,,,,,,,,,,,,,,,,,,,,,,,,,,,,,,,,,,,,,,,,,,,,,,,,,,,,,,,,,,,,,,,,,,,,,,,,,,,,,,,,,,,,,,,,,,,,,,,,,,,,,,,,,,,,,,,,,,,,,,,,,,,,,,,,,,,,,,,,,,,,,,,,,,,,,,,,,,,,,,,,,,,,,,,,,,,,,,,,,,,,,,,,,,,,,,,,,,,,,,,,,,,,,,,,,,,,,,,,,,,,,,,,,,,,,,,,,,,,,,,,,,,,,,,,,,,,,,,,,,,,,,,,,,,,,,,,,,,,,,,,,,,,,,,,,,,,,,,,,,,,,,,,,,,,,,,,,,,,,,,,,,,,,,,,,,,,,,,,,,,,,,,,,,,,,,,,,,,,,,,,,,,,,,,,,,,,,,,,,,,,,,,,,,,,,,,,,,,,,,,,,,,,,,,,,,,,,,,,,,,,,,,,,,,,,,,,,,,,,,,,,,,,,,,,,,,,,,,,,,,,,,,,,,,,,,,,,,,,,,,,,,,,,,,,,,,,,,,,,,,,,,,,,,,,,,,,,,,,,,,,,,,,,,,,,,,,,,,,,,,,,,,,,,,,,,,,,,,,,,,,,,,,,,,,,,,,,,,,,,,,,,,,,,,,,,,,,,,,,,,,,,,,,,,,,,,,,,,,,,,,,,,,,,,,,,,,,,,,,,,,,,,,,,,,,,,,,,,,,,,,,,,,,,,,,,,,,,,,,,,,,,,,,,,,,,,,,,,,,,,,,,,,,,,,,,,,,,,,,,,,,,,,,,,,,,,,,,,,,,,,,,,,,,,,,,,,,,,,,,,,,,,,,,,,,,,,,,,,,,,,,,,,,,,,16681.0,,,,,,,,,,,,,,,,,,,,,,,,,,,,,,,,,,,,,,,,,,,,,,,,,,,,,,,,,,,,,,,,,,,,,,,,,,,,,,,,,,,,,,,,,,,,,,,,,,,,,,,,,,,,,,,,,,,,,,,,,,,,,,,,,,,,,,,,,,,,,,,,,,,,,,,,,,,,,,,,,,,,,,,,,,,,,,,,,,,,,,,,,,,,,,,,,,,,,,,,,,,,,,,,,,,,,,,,,,,,,,,,,,,,,,,,,,,,,,,,,,,,,,,,,,,,,,,,,,,,,,,,,,,,,,,,,,,,,,,,,,,,,,,,,,,,,,,,,,,,,,,,,,,,,,,,,,,,,,,,,,,,,,,,,,,,,,,,,,,,,,,,,,,,,,,,,,,,,,,,,,,,,,,,,,,,,,,,,,,,,,,,,,,,,,,,,,,,,,,,,,,,,,,,,,,,,,,,,,,,,,,,,,,,,,,,,,,,,,,,,,,,,,,,,,,,,,,,,,,,,,,,,,,,,,,,,,,,,,,,,,,,,,,,,,,,,,,,,,,,,,,,,,,,,,,,,,,,,,,,,,,,,,,,,,,,,,,,,,,,,,,,,,,,,,,,,,,,,,,,,,,,,,,,,,,,,,,,,,,,,,,,,,,,,,,,,,,,,,,,,,,,,,,,,,,,,,,,,,,,,,,,,,,,,,,,,,,,,,,,,,,,,,,,,,,,,,,,,17417.0,,,,,,,,,,,,,,,,,,,,,,,,,,,,,,,,,,,,,,,,,,,,,,,,,,,,,,,,,,,,,,,,,,,,,,,,,,,,,,,,,,,,,,,,,,,,,,,,,,,,,,,,,,,,,,,,,,,,,,,,,,,,,,,,,,,,,,,,,,,,,,,,,,,,,,,,,,,,,,,,,,,,,,,,,,,,,,,,,,,,,,,,,,,,,,,,,,,,,,,,,,,,,,,,,,,,,,,,,,,,,,,,,,,,,,,,,,,,,,,,,,,,,,,,,,,,,,,,,,,,,,,,,,,,,,,,,,,,,,,,,,,,,,,,,,,,,,,,,,,,,,,,,,,,,,,,,,,,,,,,,,,,,,,,,,,,,,,,,,,,,,,,,,,,,,,,,,,,,,,,,,,,,,,,,,,,,,,,,,,,,,,,,,,,,,,,,,,,,,,,,,,,,,,,,,,,,,,,,,,,,,,,,,,,,,,,,,,,,,,,,,,,,,,,,,,,,,,,,,,,,,,,,,,,,,,,,,,,,,,,,,,,,,,,,,,,,,,,,,,,,,,,,,,,,,,,,,,,,,,,,,,,,,,,,,,,,,,,,,,,,,,,,,,,,,,,,,,,,,,,,,,,,,,,,,,,,,,,,,,,,,,,,,,,,,,,,,,,,,,,,,,,,,,,,,,,,,,,,,,,,,,,,,,,,,,,,,,,,,,,,,,,,,,,,,,,,,,,,,,,,,,,,,,,,,,,,,,,,,,,,,,,,,,,,,,,,,,,,,,,,,,,,,,,,,,,,,,,,,,,,,,,,,,,,,,,,,,,,,,,,,,,,,,,,,,,,,,,,,,,,,,,,,,,,,,,,,,,,,,,,,,,,,,,,,,,,,,,,,,,,,,,,,,,,,,,,,,,,,,,,,,,,,,,,,,,,,,,,,,,,,,,,,,,,,,,,,,,,,,,,,,,,,,,,,,,,,,,,,,,,,,,,,,,,,,,,,,,,,,,,,,,,,,,,,,,,,,,,,,,,,,,,,,,,,,,,,,,,,,,,,,,,,,,,,,,,,,,,,,,,,,,,,,,,,,,,,,,,,,,,,,,,,,,,,,,,,,,,,,,,,,,,,,,,,,,,,,,,,,,,,,,,,,,,,,,,,,,,,,,,,,,,,,,,,,,,,,,,,,,,,,,,,,,,,,,,,,,,,,,,,,,,,,,,,,,,,,,,,,,,,,,,,,,,,,,,,,,,,,,,,,,,,,,,,,,,,,,,,,,,,,,,,,,,,,,,,,,,,,,,,,,,,,,,,,,,,,,,,,,,,,,,,,,,,,,,,,,,,,,,,,,,,,,,,,,,,,,,,,,,,,,,,,,,,,,,,,,,,,,,,,,,,,,,,,,,,,,,,,,,,,,,,,,,,,,,,,,,,,,,,,,,,,,,,,,,,,,,,,,,,,,,,,,,,,,,,,,,,,,,,,,,,,,,,,,,,,,,,,,,,,,,,,,,,,,,,,,,,,,,,,,,,,,,,,,,,,,,,,,,,,,,,,,,,,,,,,,,,,,,,,,,,,,,,,,,,,,,,,,,,,,,,,,,,,,,,,,,,,,,,,,,,,,,,,,,,,,,,,,,,,,,,,,,,,,,,,,,,,,,,,,,,,,,,,,,,,,,,,,,,,,,,,,,,,,,,,,,,,,,,,,,,,,,,,,,,,,,,,,,,,,,,,,,,,,,,,,,,,,,,,,,,,,,,,,,,,,,,,,,,,,,,,,,,,,,,,,,,,,,,,,,,,,,,,,,,,,,,,,,,,,,,,,,,,,,,,,,,,,,,,,,,,,,,,,,,,,,,,,,,,,,,,,,,,,,,,,,,,,,,,,,,,,,,,,,,,,,,,,,,,,,,,,,,,,,,,,,,,,,,,,,,,,,,,,,,,,,,,,,,,,,,,,,,,,,,,,,,,,,,,,,,,,,,,,,,,,,,,,,,,,,,,,,,,,,,,,,,,,,,,,,,,,,,,,,,,,,,,,,,,,,,,,,,,,,,,,,,,,,,,,,,,,,,,,,,,,,,,,,,,,,,,,,,,,,,,,,,,,,,,,,,,,,,,,,,,,,,,,,,,,,,,,,,,,,,,,,,,,,,,,,,,,,,,,,,,,,,,,,,,,,,,,,,,,,,,,,,,,,,,,,,,,,,,,,,,,,,,,,,,,,,,,,,,,,,,,,,,,,,,,,,,,,,,,,,,,,,,,,,,,,,,,,,,,,,,,,,,,,,,,,,,,,,,,,,,,,,,,,,,,,,,,,,,,,,,,,,,,,,,,,,,,,,,,,,,,,,,,,,,,,,,,,,,,,,,,,,,,,,,,,,,,,,,,,,,,,,,,,,,,,,,,,,,,,,,,,,,,,,,,,,,,,,,,,,,,,,,,,,,,,,,,,,,,,,,,,,,,,,,,,,,,,,,,,,,,,,,,,,,,,,,,,,,,,,,,,,,,,,,,,,,,,,,,,,,,,,,,,,,,,,,,,,,,,,,,,,,,,,,,,,,,,,,,,,,,,,,,,,,,,,,,,,,,,,,,,,,,,,,,,,,,,,,,,,,,,,,,,,,,,,,,,,,,,,,,,,,,,,,,,,,,,,,,,,,,,,,,,,,,,,,,,,,,,,,,,,,,,,,,,,,,,,,,,,,,,,,,,,,,,,,,,,,,,,,,,,,,,,,,,,,,,,,,,,,,,,,,,,,,,,,,,,,,,,,,,,,,,,,,,,,,,,,,,,,,,,,,,,,,,,,,,,,,,,,,,,,,,,,,,,,,,,,,,,,,,,,,,,,,,,,,,,,,,,,,,,,,,,,,,,,,,,,,,,,,,,,,,,,,,,,,,,
